1,0.09375,3058.5,0
2,2.10938,3088.5,0
3,4.17188,3061.25,0
4,6.15625,3058.5,0
5,8.1875,3087.5,0
6,10.2188,3085,0
7,12.2344,3086.5,0
8,14.2812,3089.25,0
9,16.2812,3088.75,0
10,18.2812,0,0
11,20.1562,3152.5,0
12,22.1562,3216.75,0
13,24.3594,0,0
14,26.1875,3319.5,0
15,28.1719,3391.75,0
16,30.1875,3504.5,0
17,32.1875,3545.5,0
18,34.4688,0,0
19,36.4844,0,0
20,38.5156,0,0
21,40.5312,0,0
22,42.5625,0,0
23,44.5781,0,0
24,46.6094,0,0
25,48.625,0,0
26,50.6406,0,0
27,52.6719,0,0
28,54.6875,0,0
29,56.7188,0,0
30,58.5625,2730.5,0
31,60.6094,2646.5,0
32,62.6562,2593.75,0
33,64.6562,2551,0
34,66.6562,2509,0
35,68.6719,2471,0
36,70.7031,2421.25,0
37,72.7188,2408.75,0
38,74.75,2348.75,0
39,76.75,2337.75,0
40,78.7656,2299.5,0
41,80.7656,2296,0
42,82.7812,2271.5,0
43,84.8438,2261.5,0
44,87.0469,0,0
45,89.0781,0,0
46,91.0938,0,0
47,93.125,0,0
48,95.1406,0,0
49,96.9531,2280.5,0
50,98.9688,2266.5,0
51,100.984,2268,0
52,103,2283.5,0
53,104.984,2297.75,0
54,107,2313,0
55,109.016,2330.25,0
56,111.047,2362.25,0
57,112.984,2397.75,0
58,114.969,2453,0
59,116.969,2487.25,0
60,119,2512.5,0
61,120.969,2551.5,0
62,122.984,2514,0
63,125.031,2503.25,0
64,127.016,2472.25,0
65,129.016,2507.5,0
66,131.031,2571.75,0
67,133.047,2640.75,0
68,135,2733.5,0
69,137.109,2831,0
70,139.125,2937.5,0
71,141.109,3060.75,0
72,143.109,3209.5,0
73,145.109,3351.75,0
74,147.719,0,0
75,149.75,0,0
76,151.766,0,0
77,153.797,0,0
78,155.812,0,0
79,157.844,0,0
80,159.859,0,0
81,161.891,0,0
82,163.906,0,0
83,165.922,0,0
84,167.953,0,0
85,169.969,0,0
86,172,0,0
87,173.406,2942.5,0
88,176.047,0,0
89,178.062,0,0
90,180.094,0,0
91,182.109,0,0
92,184.125,0,0
93,186.156,0,0
94,188.172,0,0
95,190.203,0,0
96,192.219,0,0
97,194.25,0,0
98,196.266,0,0
99,198.281,0,0
100,200.312,0,0
101,202.328,0,0
102,204.359,0,0
103,206.375,0,0
104,208.406,0,0
105,210.422,0,0
106,212.453,0,0
107,214.469,0,0
108,216.484,0,0
109,218.516,0,0
110,220.531,0,0
111,222.125,3389.25,0
112,224.141,3225.5,0
113,226.172,3119,0
114,228.25,2997,0
115,230.297,2865.25,0
116,232.328,2782.75,0
117,234.312,2708.75,0
118,236.375,2706,0
119,238.375,2730.75,0
120,240.422,2738.25,0
121,242.406,2732.75,0
122,244.453,2663.75,0
123,246.516,2613.75,0
124,248.516,2558.5,0
125,250.562,2530.75,0
126,252.578,2473.5,0
127,254.922,0,0
128,256.938,0,0
129,258.969,0,0
130,260.984,0,0
131,263,0,0
132,265.031,0,0
133,267.047,0,0
134,268.844,2326.75,0
135,270.812,2313.5,0
136,272.859,2324.75,0
137,274.891,2325.75,0
138,276.906,2325.25,0
139,278.953,2327.75,0
140,280.859,2340.75,0
141,282.875,2345.5,0
142,284.906,2363.5,0
143,286.922,2382,0
144,288.938,2415.75,0
145,290.953,2435.75,0
146,292.969,2472.75,0
147,294.984,2489.25,0
148,297.391,0,0
149,299.406,0,0
150,301.438,0,0
151,303.453,0,0
152,305.484,0,0
153,307.5,0,0
154,309.531,0,0
155,311.547,0,0
156,312.906,3088.75,0
157,314.906,3122.25,0
158,316.875,3222.5,0
159,318.891,3354,0
160,320.875,3500.25,0
161,322.859,3628.5,0
162,324.875,3798,0
163,326.859,3997.25,0
164,328.984,3675,0
165,331,3629,0
166,333.031,3545.5,0
167,335.047,3505.75,0
168,337.062,3464,0
169,339.078,3353.5,0
170,341.109,3286,0
171,343.125,3218.25,0
172,345.922,0,0
173,347.156,3120,0
174,349.969,0,0
175,351.203,3058.5,0
176,353.406,3088.5,0
177,355.438,3059.5,0
178,357.484,3058.5,0
1,1.73438,3035,100
2,3.76562,3059.75,100
3,5.8125,3059.75,100
4,7.82812,3060.75,100
5,9.875,3061.25,100
6,11.8906,3063.75,100
7,13.9375,3117.5,100
8,15.9688,3150.5,100
9,17.9062,3183.25,100
10,19.9375,3150.5,100
11,21.9688,3151,100
12,23.9688,3283.5,100
13,25.9844,3316.25,100
14,28.0469,3354.5,100
15,30.0625,3429.5,100
16,32.2031,0,100
17,34.2344,0,100
18,36.2812,0,100
19,38.3125,0,100
20,40.3438,0,100
21,42.375,0,100
22,44.4062,0,100
23,46.4375,0,100
24,48.4844,0,100
25,50.5156,0,100
26,52.5469,0,100
27,54.5781,0,100
28,56.6094,0,100
29,58.5938,2915.5,100
30,60.6094,2837.5,100
31,62.6875,2781.5,100
32,64.6875,2730,100
33,66.7031,2678.25,100
34,68.7344,2614.25,100
35,70.7812,2586.75,100
36,72.8438,2536.25,100
37,74.8594,2508.75,100
38,76.9219,2476.5,100
39,78.9219,2468.5,100
40,80.9688,2422.75,100
41,83.0156,2414,100
42,85.0312,2363,100
43,87.125,0,100
44,89.1562,0,100
45,91.1875,0,100
46,93.2188,0,100
47,95.1562,2400.75,100
48,97.1875,2393,100
49,99.2031,2377.5,100
50,101.234,2380.5,100
51,103.281,2399,100
52,105.297,2415.75,100
53,107.328,2420.75,100
54,109.344,2455.25,100
55,111.359,2487.25,100
56,113.375,2509.5,100
57,115.391,2532.75,100
58,117.438,2574.75,100
59,119.438,2617,100
60,121.469,2639,100
61,123.484,2598.75,100
62,125.547,2575.5,100
63,127.562,2555.75,100
64,129.578,2599,100
65,131.625,2668.25,100
66,133.594,2775.75,100
67,135.625,2839,100
68,137.75,2943.75,100
69,139.75,3063.25,100
70,141.781,3181.75,100
71,143.797,3319.5,100
72,145.828,3465.75,100
73,148.141,0,100
74,149.875,3589.5,100
75,152.203,0,100
76,154.234,0,100
77,156.281,0,100
78,158.312,0,100
79,160.344,0,100
80,162.375,0,100
81,164.406,0,100
82,166.438,0,100
83,168.484,0,100
84,170.516,0,100
85,172.547,0,100
86,174.578,0,100
87,176.609,0,100
88,178.484,2942.5,100
89,180.531,2891.25,100
90,182.562,2911.75,100
91,184.703,2889.5,100
92,186.734,2914.25,100
93,188.812,0,100
94,190.844,0,100
95,192.828,2915.25,100
96,194.922,0,100
97,196.953,0,100
98,198.984,0,100
99,201.016,0,100
100,203.047,0,100
101,205.078,3120,100
102,207.125,0,100
103,209.156,0,100
104,211.188,3250.25,100
105,213.219,0,100
106,215.25,0,100
107,217.297,0,100
108,219.328,0,100
109,221.406,3225.5,100
110,223.469,3089.75,100
111,225.5,2940.75,100
112,227.562,2808.5,100
113,229.656,2708.25,100
114,231.688,2597,100
115,233.703,2517.5,100
116,235.75,2524.25,100
117,237.812,2529,100
118,239.844,2536.5,100
119,241.844,2535.75,100
120,243.906,2490,100
121,245.953,2422.25,100
122,248,2377.75,100
123,250.078,2338.75,100
124,252.125,2282.5,100
125,253.906,0,100
126,255.938,0,100
127,257.969,0,100
128,260,0,100
129,262.031,0,100
130,264.078,0,100
131,266.109,0,100
132,268.359,2133.75,100
133,270.422,2119.25,100
134,272.438,2116.75,100
135,274.438,2115.75,100
136,276.5,2108,100
137,278.531,2125.5,100
138,280.578,2116.25,100
139,282.5,2129.75,100
140,284.562,2131.5,100
141,286.547,2147,100
142,288.594,2163,100
143,290.594,2186.75,100
144,292.625,2204,100
145,294.625,2219.5,100
146,296.688,2220.75,100
147,298.641,0,100
148,300.688,0,100
149,302.719,0,100
150,304.75,0,100
151,306.781,0,100
152,308.812,0,100
153,310.844,0,100
154,312.641,2685.5,100
155,314.656,2712.75,100
156,316.656,2803.25,100
157,318.672,2888.25,100
158,320.672,2999.25,100
159,322.641,3118.5,100
160,324.672,3225,100
161,326.672,3389.25,100
162,328.719,3579.25,100
163,330.75,3715,100
164,332.766,3590.75,100
165,334.781,3621.25,100
166,336.828,3467,100
167,338.844,3467,100
168,341.359,0,100
169,342.922,3320.5,100
170,344.938,3317.25,100
171,346.969,3250.75,100
172,349,3183.25,100
173,351.062,2941,100
174,353.328,3089.25,100
175,355.328,3087.5,100
176,357.375,3088,100
177,359.672,3061.75,100
1,1.46875,3062.75,200
2,3.53125,3060.25,200
3,5.57812,3061.25,200
4,7.60938,3060.25,200
5,9.64062,3062.25,200
6,11.6875,3121.75,200
7,13.7344,3090.75,200
8,15.7656,3122.75,200
9,17.6562,3150,200
10,19.6875,3120,200
11,21.7031,3120,200
12,23.8281,0,200
13,25.8594,0,200
14,27.7969,3319.5,200
15,29.8125,3390.5,200
16,31.8438,3428.25,200
17,33.9844,0,200
18,36.0312,0,200
19,38.0625,0,200
20,40.0938,0,200
21,42.125,0,200
22,44.1562,0,200
23,46.1875,0,200
24,48.2344,0,200
25,50.2656,0,200
26,52.2969,0,200
27,54.3281,0,200
28,56.3594,0,200
29,58.4219,3061.25,200
30,60.4531,2993,200
31,62.5156,2889.25,200
32,64.5625,2832.5,200
33,66.4844,2777.75,200
34,68.5469,2727.75,200
35,70.5625,2678.5,200
36,72.625,2615.5,200
37,74.625,2590.5,200
38,76.6719,2552.5,200
39,78.7188,2528.75,200
40,80.7188,2505,200
41,82.7812,2474.5,200
42,84.8125,2437.5,200
43,86.875,0,200
44,88.9062,0,200
45,90.9375,0,200
46,92.9688,0,200
47,94.9219,2453.5,200
48,96.9375,2439.25,200
49,99,2419,200
50,100.984,2420,200
51,103.031,2422.75,200
52,105.047,2441.75,200
53,107.078,2471,200
54,109.094,2490.5,200
55,111.125,2493.75,200
56,113.078,2531.5,200
57,115.109,2555.75,200
58,117.141,2576.5,200
59,119.156,2620,200
60,121.156,2686.5,200
61,123.172,2663,200
62,125.203,2638.75,200
63,127.266,2597.5,200
64,129.266,2617.25,200
65,131.25,2668.75,200
66,133.297,2759.75,200
67,135.281,2837.75,200
68,137.391,2939.25,200
69,139.391,3056.5,200
70,141.375,3175.25,200
71,143.422,3262,200
72,145.406,3429,200
73,147.453,3545.5,200
74,149.469,3632.25,200
75,151.953,0,200
76,153.984,0,200
77,155.594,3390.5,200
78,158.062,0,200
79,160.094,0,200
80,162.125,0,200
81,164.156,0,200
82,166.188,0,200
83,168.234,0,200
84,170.266,0,200
85,172.297,0,200
86,174.328,0,200
87,176.359,0,200
88,178.391,0,200
89,180.438,0,200
90,182.047,2914.75,200
91,184.5,0,200
92,186.531,0,200
93,188.562,0,200
94,190.297,2914.25,200
95,192.312,2891,200
96,194.375,2916,200
97,196.703,0,200
98,198.734,0,200
99,200.766,0,200
100,202.797,0,200
101,204.844,0,200
102,206.875,0,200
103,208.906,0,200
104,210.938,0,200
105,212.969,0,200
106,215,0,200
107,217.047,0,200
108,219.078,0,200
109,220.828,3210,200
110,222.891,3029.5,200
111,224.953,2865.25,200
112,227,2738.75,200
113,229.062,2636.25,200
114,231.094,2548.25,200
115,233.125,2469.25,200
116,235.172,2423.25,200
117,237.188,2439,200
118,239.203,2456.25,200
119,241.234,2472.25,200
120,243.281,2412.75,200
121,245.328,2346,200
122,247.375,2295.25,200
123,249.438,2256,200
124,251.484,2229.5,200
125,253.656,0,200
126,255.688,0,200
127,257.719,0,200
128,259.75,0,200
129,261.781,0,200
130,263.828,0,200
131,265.859,0,200
132,267.891,0,200
133,269.688,2036.25,200
134,271.703,2017,200
135,273.734,2016,200
136,275.766,2016.75,200
137,277.812,2016.25,200
138,279.844,2016.25,200
139,281.812,2026.5,200
140,283.812,2034.75,200
141,285.797,2047.75,200
142,287.812,2052,200
143,289.828,2066.25,200
144,291.875,2089,200
145,293.844,2106.5,200
146,295.906,2116.5,200
147,298.391,0,200
148,300.438,0,200
149,302.469,0,200
150,304.5,0,200
151,306.531,0,200
152,308.562,0,200
153,310.594,0,200
154,312.641,0,200
155,313.781,2571.25,200
156,315.812,2615.5,200
157,317.797,2690.5,200
158,319.797,2785,200
159,321.797,2888.75,200
160,323.766,3027.25,200
161,325.766,3149,200
162,327.75,3287.75,200
163,329.812,3437.25,200
164,331.828,3631,200
165,333.844,3627,200
166,335.859,3547.5,200
167,337.875,3471.25,200
168,339.891,3471.75,200
169,341.938,3391,200
170,343.938,3319.5,200
171,345.953,3319.5,200
172,348,3218.25,200
173,350.016,3151,200
174,353.312,0,200
175,354.359,3088.75,200
176,356.422,2913.75,200
177,359.422,3062.75,200
1,0.453125,3088.75,300
2,2.46875,3088.5,300
3,4.51562,3089.75,300
4,6.5625,3088.75,300
5,8.5625,3118,300
6,10.625,3090.75,300
7,12.6719,3120.75,300
8,14.7031,3150.5,300
9,16.6406,3152.5,300
10,18.6719,3181.75,300
11,20.6875,3120,300
12,22.7188,3183.75,300
13,24.8281,0,300
14,26.7969,3089.75,300
15,28.7812,3353,300
16,30.8125,3391,300
17,32.9531,0,300
18,35,0,300
19,37.0312,0,300
20,39.0625,0,300
21,41.0938,0,300
22,43.125,0,300
23,45.1562,0,300
24,47.2031,0,300
25,49.2344,0,300
26,51.2656,0,300
27,53.2969,0,300
28,55.3281,0,300
29,57.3125,3184.25,300
30,59.3594,3091.75,300
31,61.4062,3024.5,300
32,63.4219,2939,300
33,65.4531,2862.5,300
34,67.5156,2804.75,300
35,69.5625,2756.25,300
36,71.6094,2706.75,300
37,73.6562,2644.25,300
38,75.6562,2617,300
39,77.7188,2590.75,300
40,79.75,2557,300
41,81.7969,2534.25,300
42,83.8281,2508,300
43,85.875,2473,300
44,87.875,0,300
45,89.9062,0,300
46,91.9375,0,300
47,93.9688,0,300
48,95.9531,2491.5,300
49,98.0156,2474.75,300
50,100.016,2474,300
51,102.031,2475.25,300
52,104.078,2490.5,300
53,106.125,2508,300
54,108.156,2512.5,300
55,110.125,2548.25,300
56,112.188,2553,300
57,114.219,2592.75,300
58,116.266,2617.25,300
59,118.25,2663,300
60,120.297,2711.25,300
61,122.312,2728.5,300
62,124.328,2687.75,300
63,126.391,2659.25,300
64,128.422,2660.75,300
65,130.406,2711,300
66,132.469,2783,300
67,134.469,2860.75,300
68,136.594,2945,300
69,138.609,3060.75,300
70,140.609,3177.25,300
71,142.672,3285.5,300
72,144.688,3394.5,300
73,146.688,3584.25,300
74,148.734,3673.5,300
75,150.922,0,300
76,152.953,0,300
77,155,0,300
78,157.031,0,300
79,159.062,0,300
80,161.094,0,300
81,163.125,0,300
82,165.156,0,300
83,167.203,0,300
84,169.234,0,300
85,171.266,0,300
86,173.297,0,300
87,175.328,0,300
88,177.359,0,300
89,179.406,0,300
90,181.438,0,300
91,183.469,0,300
92,185.5,0,300
93,187.531,0,300
94,189.844,2887.5,300
95,191.609,0,300
96,193.641,0,300
97,196,2942.5,300
98,197.703,0,300
99,199.734,0,300
100,201.766,0,300
101,203.812,0,300
102,205.844,0,300
103,207.875,0,300
104,209.906,0,300
105,211.938,0,300
106,213.969,0,300
107,216.016,0,300
108,218.047,0,300
109,220.656,3153.5,300
110,222.734,2996.5,300
111,224.797,2813.25,300
112,226.875,2708,300
113,228.969,2588,300
114,231.031,2503,300
115,233.078,2411.25,300
116,235.141,2372.75,300
117,237.156,2376.75,300
118,239.266,2391.5,300
119,241.25,2397.5,300
120,243.328,2342,300
121,245.438,2285,300
122,247.453,2250.25,300
123,249.531,2204.75,300
124,251.578,2162.5,300
125,252.625,0,300
126,254.656,0,300
127,256.688,0,300
128,258.719,0,300
129,260.75,0,300
130,262.797,0,300
131,264.828,0,300
132,266.859,0,300
133,270.141,1965.75,300
134,272.188,1954.25,300
135,274.25,1952,300
136,276.25,1949.75,300
137,278.312,1949,300
138,280.406,1951.25,300
139,282.391,1951.25,300
140,284.453,1953.5,300
141,286.484,1965.5,300
142,288.547,1976.25,300
143,290.562,1989.75,300
144,292.641,1995.5,300
145,294.656,2008.25,300
146,296.734,2014.5,300
147,297.359,0,300
148,299.406,0,300
149,301.438,0,300
150,303.469,0,300
151,305.5,0,300
152,307.531,0,300
153,309.562,0,300
154,312.875,2380,300
155,314.922,2418.5,300
156,316.984,2474.75,300
157,318.969,2551.75,300
158,321.016,2633,300
159,323.016,2728.25,300
160,325.062,2809.5,300
161,327.078,2917.75,300
162,329.188,3085.5,300
163,331.203,3213.5,300
164,333.219,3357.5,300
165,335.25,3580.5,300
166,337.297,3671.5,300
167,339.328,3587.5,300
168,341.406,3468.75,300
169,343.453,3464.5,300
170,345.516,3391,300
171,347.562,3287.25,300
172,349.609,3254,300
173,351.656,3215.75,300
174,353.938,3152,300
175,356,3150.5,300
176,358.109,2935.75,300
177,358.391,3119,300
1,0.171875,0,400
2,2.21875,3060.25,400
3,4.29688,3059.75,400
4,6.32812,3089.75,400
5,8.40625,3089.25,400
6,10.4531,3058.5,400
7,12.5469,3089.25,400
8,14.5781,3117,400
9,16.625,3120.75,400
10,18.5781,0,400
11,20.7188,3149.5,400
12,22.7656,3182.75,400
13,24.8438,3181.25,400
14,26.875,3216.25,400
15,28.9531,3183.75,400
16,30.8438,0,400
17,32.8906,0,400
18,34.9375,0,400
19,36.9844,0,400
20,39.0312,0,400
21,41.0781,0,400
22,43.125,0,400
23,45.1719,0,400
24,47.2031,0,400
25,49.25,0,400
26,51.2969,0,400
27,53.3438,0,400
28,55.3906,0,400
29,57.7969,3467,400
30,59.875,3355.25,400
31,61.9531,3284.5,400
32,64.0312,3180.25,400
33,66.0938,3089.25,400
34,68.1719,2999.25,400
35,70.2344,2939.75,400
36,72.3125,2863.25,400
37,74.375,2810,400
38,76.4375,2780,400
39,78.5,2731.25,400
40,80.6094,2688.25,400
41,82.6406,2644,400
42,84.7188,2596.25,400
43,86.0781,0,400
44,88.125,0,400
45,90.1719,0,400
46,92.2031,0,400
47,94.9688,2553,400
48,97.0156,2548.5,400
49,99.0469,2527.25,400
50,101.141,2525.5,400
51,103.172,2527.25,400
52,105.234,2529.5,400
53,107.297,2531.75,400
54,109.375,2536.5,400
55,111.391,2553.5,400
56,113.422,2571.75,400
57,115.453,2591,400
58,117.469,2614.25,400
59,119.516,2638.75,400
60,121.578,2681.75,400
61,123.594,2729.75,400
62,125.641,2759.5,400
63,127.703,2777.25,400
64,129.75,2732.75,400
65,131.812,2704.25,400
66,133.875,2692,400
67,135.891,2759.5,400
68,138.062,2832.5,400
69,140.109,2912.5,400
70,142.141,3023,400
71,144.156,3094.25,400
72,146.234,3214,400
73,148.281,3347.25,400
74,150.297,3467,400
75,152.344,3627.75,400
76,154.391,3713.75,400
77,156.469,3629,400
78,157.672,0,400
79,159.703,0,400
80,161.75,0,400
81,163.797,0,400
82,165.844,0,400
83,167.891,0,400
84,169.938,0,400
85,171.984,0,400
86,174.031,0,400
87,176.078,0,400
88,178.125,0,400
89,180.172,0,400
90,183.062,2942.5,400
91,184.25,0,400
92,186.297,0,400
93,188.344,0,400
94,190.391,0,400
95,192.438,0,400
96,194.484,0,400
97,196.531,0,400
98,198.578,0,400
99,200.625,0,400
100,202.672,0,400
101,204.703,0,400
102,206.75,0,400
103,208.797,0,400
104,210.844,0,400
105,212.891,0,400
106,214.938,0,400
107,217.984,3120,400
108,219.031,0,400
109,222.047,3319.5,400
110,224.094,3355.25,400
111,226.188,3148,400
112,228.266,2968.75,400
113,230.359,2807.5,400
114,232.406,2684.75,400
115,234.344,2554.75,400
116,236.391,2469.5,400
117,238.484,2362,400
118,240.484,2323.5,400
119,242.547,2325.75,400
120,244.562,2330.25,400
121,246.625,2331.5,400
122,248.641,2299.25,400
123,250.719,2254.75,400
124,252.781,2191,400
125,253.797,0,400
126,255.844,0,400
127,257.891,0,400
128,259.938,0,400
129,261.984,0,400
130,264.031,0,400
131,266.078,0,400
132,268.969,1953.75,400
133,271,1940.25,400
134,273.031,1925,400
135,275.078,1906.75,400
136,277.062,1903.75,400
137,279.125,1887.25,400
138,280.984,1885.75,400
139,283.016,1883.75,400
140,285.016,1883.25,400
141,287.031,1885.75,400
142,289.062,1885.25,400
143,291.062,1901.25,400
144,293.078,1904.75,400
145,295.094,1904,400
146,297.125,1884.75,400
147,298.797,0,400
148,300.844,0,400
149,302.891,0,400
150,304.938,0,400
151,306.984,0,400
152,309.031,0,400
153,311.078,0,400
154,312.938,2175,400
155,314.984,2194,400
156,316.953,2237.25,400
157,318.953,2281,400
158,320.906,2341,400
159,322.938,2414.5,400
160,324.891,2490,400
161,326.906,2554,400
162,328.875,2641.5,400
163,330.844,2737.25,400
164,332.844,2859.5,400
165,334.812,2973.75,400
166,336.812,3147,400
167,338.766,3287.25,400
168,340.766,3468.75,400
169,342.734,3637,400
170,344.734,3671,400
171,346.781,3470.5,400
172,348.797,3428.25,400
173,350.781,3355.25,400
174,352.922,3321.25,400
175,354.938,3250.25,400
176,356.938,3215.75,400
1,1.125,2910,500
2,3.14062,3117,500
3,5.1875,2861.75,500
4,7.20312,3060.75,500
5,9.21875,3088,500
6,11.2656,3115.5,500
7,13.3125,3091.75,500
8,15.3281,3090.25,500
9,17.2969,3089.75,500
10,19.3125,3149.5,500
11,21.3594,3120.75,500
12,23.3594,3153.5,500
13,25.375,3183.75,500
14,27.4219,3213.5,500
15,29.4219,3218.75,500
16,31.4531,3251.75,500
17,33.625,0,500
18,35.6719,0,500
19,37.7031,0,500
20,39.7344,0,500
21,41.7656,0,500
22,43.7969,0,500
23,45.8281,0,500
24,47.875,0,500
25,49.9062,0,500
26,51.9375,0,500
27,53.9688,0,500
28,56,0,500
29,57.9531,3626.5,500
30,60.0312,3505.75,500
31,62.0781,3418.25,500
32,64.125,3288.25,500
33,66.1094,3214.5,500
34,68.1406,3143.5,500
35,70.1719,3059,500
36,72.2188,2995.25,500
37,74.2344,2935.5,500
38,76.3125,2862.5,500
39,78.3438,2828,500
40,80.3594,2782.75,500
41,82.4219,2736.75,500
42,84.4688,2706,500
43,86.5156,0,500
44,88.5469,0,500
45,90.5781,0,500
46,92.6094,0,500
47,94.6406,0,500
48,96.6562,2617.75,500
49,98.7031,2594.5,500
50,100.734,2592.5,500
51,102.75,2592.25,500
52,104.797,2594.5,500
53,106.812,2610.75,500
54,108.875,2614.75,500
55,110.891,2622.5,500
56,112.953,2642,500
57,114.969,2681.5,500
58,116.984,2706.5,500
59,119.031,2731.5,500
60,121.062,2741.75,500
61,123.078,2804.5,500
62,125.109,2837.5,500
63,127.141,2835,500
64,129.188,2786.75,500
65,131.219,2777.25,500
66,133.25,2803.25,500
67,135.281,2860,500
68,137.391,2939.75,500
69,139.422,3029,500
70,141.422,3119.5,500
71,143.453,3216.75,500
72,145.469,3321.25,500
73,147.5,3465.25,500
74,149.547,3591.25,500
75,151.594,0,500
76,153.625,0,500
77,155.672,0,500
78,157.703,0,500
79,159.734,0,500
80,161.766,0,500
81,163.797,0,500
82,165.828,0,500
83,167.875,0,500
84,169.906,0,500
85,171.938,0,500
86,174.141,3058.5,500
87,176,0,500
88,178.031,0,500
89,180.078,0,500
90,182.109,0,500
91,184.141,0,500
92,186.172,0,500
93,188.203,0,500
94,190.234,0,500
95,192.281,0,500
96,194.312,0,500
97,196.344,0,500
98,198.375,0,500
99,200.406,0,500
100,202.438,0,500
101,204.484,0,500
102,206.516,0,500
103,208.547,0,500
104,210.578,0,500
105,212.609,0,500
106,214.641,0,500
107,216.688,0,500
108,218.719,0,500
109,220.75,0,500
110,223.312,3087,500
111,225.375,2865,500
112,227.438,2733.5,500
113,229.531,2591.75,500
114,231.625,2474.5,500
115,233.547,2365.25,500
116,235.609,2292.75,500
117,237.625,2277.75,500
118,239.688,2279,500
119,241.719,2283,500
120,243.75,2285.75,500
121,245.781,2237.25,500
122,247.828,2190,500
123,249.859,2143,500
124,251.953,2078.25,500
125,253.297,0,500
126,255.328,0,500
127,257.359,0,500
128,259.391,0,500
129,261.422,0,500
130,263.469,0,500
131,265.5,0,500
132,268.188,1862.25,500
133,270.266,1844.5,500
134,272.297,1831.75,500
135,274.281,1827.25,500
136,276.312,1817.75,500
137,278.328,1810.25,500
138,280.375,1807.75,500
139,282.344,1808.25,500
140,284.328,1810,500
141,286.391,1810.5,500
142,288.391,1820.75,500
143,290.422,1829.25,500
144,292.391,1840.5,500
145,294.422,1844.5,500
146,296.484,1840.5,500
147,298.031,0,500
148,300.078,0,500
149,302.109,0,500
150,304.141,0,500
151,306.172,0,500
152,308.203,0,500
153,310.234,0,500
154,312.406,2146.25,500
155,314.391,2173.25,500
156,316.422,2195.75,500
157,318.438,2255.25,500
158,320.422,2302,500
159,322.453,2379.5,500
160,324.438,2471.5,500
161,326.438,2551,500
162,328.406,2637.75,500
163,330.406,2740.75,500
164,332.406,2863.75,500
165,334.391,3026.75,500
166,336.391,3156,500
167,338.406,3354,500
168,340.391,3548,500
169,342.375,3628.5,500
170,344.422,3470,500
171,346.438,3427.75,500
172,348.469,3354,500
173,350.469,3350.75,500
174,352.703,3251.25,500
175,354.75,3213.5,500
176,356.766,3184.25,500
177,359.062,3119.5,500
1,0.859375,3088.75,600
2,2.85938,3058.5,600
3,4.92188,2861.25,600
4,6.92188,3001.25,600
5,8.98438,3031.75,600
6,11.0156,3060.75,600
7,13.0156,3059.5,600
8,15.0781,3060.25,600
9,17,3088.5,600
10,19.0312,3089.25,600
11,21.0312,3117,600
12,23.0781,3120.25,600
13,25.0938,3150,600
14,27.1094,3180.75,600
15,29.1406,3184.75,600
16,31.1562,3248,600
17,33.1875,0,600
18,35.2031,0,600
19,37.2344,0,600
20,39.25,0,600
21,41.2812,0,600
22,43.2969,0,600
23,45.3281,0,600
24,47.3438,0,600
25,49.3594,0,600
26,51.3906,0,600
27,53.4062,0,600
28,55.4375,0,600
29,57.4531,3675.5,600
30,59.4688,3548.75,600
31,61.5312,3466.25,600
32,63.5469,3353,600
33,65.5312,3255.5,600
34,67.5469,3182.75,600
35,69.5781,3117,600
36,71.625,3032.25,600
37,73.625,2991.75,600
38,75.6875,2912,600
39,77.6875,2861.25,600
40,79.7344,2827.25,600
41,81.7656,2781.5,600
42,83.7969,2736,600
43,85.8125,2686.25,600
44,87.7969,0,600
45,89.8125,0,600
46,91.8438,0,600
47,93.8594,0,600
48,95.8906,2663,600
49,97.9219,2635.75,600
50,99.9219,2613.5,600
51,101.969,2598.25,600
52,103.984,2613.75,600
53,105.984,2619.75,600
54,108,2638.75,600
55,110,2660.5,600
56,112.016,2664.5,600
57,114.078,2687.25,600
58,116.078,2711.75,600
59,118.109,2754,600
60,120.141,2781.5,600
61,122.125,2808,600
62,124.156,2841.5,600
63,126.156,2882.5,600
64,128.203,2833.75,600
65,130.219,2806,600
66,132.219,2806.5,600
67,134.234,2862.5,600
68,136.25,2940.25,600
69,138.344,3030.5,600
70,140.344,3119,600
71,142.375,3219.25,600
72,144.391,3321.25,600
73,146.406,3464.5,600
74,148.438,3586.75,600
75,150.484,0,600
76,152.516,0,600
77,154.531,0,600
78,156.562,0,600
79,158.578,0,600
80,160.609,0,600
81,162.625,0,600
82,164.641,0,600
83,166.672,0,600
84,168.688,0,600
85,170.719,0,600
86,172.734,0,600
87,174.766,0,600
88,176.781,0,600
89,178.812,0,600
90,180.828,0,600
91,182.844,0,600
92,184.875,0,600
93,186.891,0,600
94,188.922,0,600
95,190.938,0,600
96,192.969,0,600
97,195.344,2942.5,600
98,197,0,600
99,199.031,0,600
100,201.047,0,600
101,203.078,0,600
102,205.094,0,600
103,207.125,0,600
104,209.141,0,600
105,211.172,0,600
106,213.188,0,600
107,215.703,3216.25,600
108,217.234,0,600
109,219.25,0,600
110,221.859,3092.25,600
111,223.922,2909.5,600
112,226,2736.75,600
113,228.078,2592.75,600
114,230.125,2489,600
115,232.188,2364.25,600
116,234.203,2283.25,600
117,236.188,2277.25,600
118,238.234,2277.75,600
119,240.312,2281,600
120,242.344,2283.25,600
121,244.391,2234,600
122,246.438,2185.25,600
123,248.469,2122,600
124,250.5,2077.75,600
125,252.594,2018,600
126,253.641,0,600
127,255.656,0,600
128,257.688,0,600
129,259.703,0,600
130,261.719,0,600
131,263.75,0,600
132,265.766,0,600
133,268.828,1832.75,600
134,270.844,1819.5,600
135,272.875,1815.25,600
136,274.891,1799.25,600
137,276.906,1791.25,600
138,278.969,1791.75,600
139,280.906,1789.75,600
140,282.938,1790.75,600
141,284.953,1791.75,600
142,286.953,1799.25,600
143,289,1809.75,600
144,291.031,1818.75,600
145,293.047,1839,600
146,295.031,1839,600
147,297.031,1851.5,600
148,298.125,0,600
149,300.156,0,600
150,302.172,0,600
151,304.203,0,600
152,306.219,0,600
153,308.25,0,600
154,310.266,0,600
155,313.031,2158.5,600
156,315.016,2187.5,600
157,317.031,2231.5,600
158,319.016,2271.75,600
159,321.031,2343.5,600
160,323.031,2422.75,600
161,325.016,2510,600
162,327.031,2592.75,600
163,329.047,2692.5,600
164,331.078,2811.5,600
165,333.031,2965.75,600
166,335.031,3119.5,600
167,337.031,3286.75,600
168,339.016,3471.25,600
169,341.031,3624.5,600
170,343.078,3548,600
171,345.125,3391,600
172,347.125,3355.25,600
173,349.156,3288.25,600
174,351.188,3252.25,600
175,353.406,3253,600
176,355.453,3153.5,600
177,357.531,3089.25,600
178,358.812,3150,600
1,1.60938,2861.25,700
2,3.64062,3029,700
3,5.65625,2999,700
4,7.6875,3031.5,700
5,9.75,3088.75,700
6,11.7812,3061.25,700
7,13.7969,3087.5,700
8,15.8125,3088.5,700
9,17.875,3088.75,700
10,19.9219,3088.75,700
11,21.8906,0,700
12,23.9844,3122.25,700
13,25.9844,3152.5,700
14,28.0312,3183.75,700
15,30.0469,3250.25,700
16,32.0781,3284.5,700
17,34.0938,0,700
18,36.1406,0,700
19,38.1719,0,700
20,40.2031,0,700
21,42.2344,0,700
22,44.2656,0,700
23,46.2969,0,700
24,48.3438,0,700
25,50.375,0,700
26,52.4062,0,700
27,54.4375,0,700
28,56.4688,0,700
29,58.5,0,700
30,60.5312,3471.25,700
31,62.5625,3390,700
32,64.5781,3287.25,700
33,66.625,3185.25,700
34,68.6875,3120.25,700
35,70.6719,3088.5,700
36,72.75,2997,700
37,74.7969,2916.75,700
38,76.8125,2886.25,700
39,78.8594,2835,700
40,80.8906,2784.75,700
41,82.9375,2758.25,700
42,84.9688,2711,700
43,86.9844,0,700
44,89.0156,0,700
45,91.0469,0,700
46,93.0781,0,700
47,95.1094,0,700
48,97.1094,2662.25,700
49,99.1094,2637.75,700
50,101.172,2618.25,700
51,103.172,2619.75,700
52,105.219,2619.75,700
53,107.234,2660,700
54,109.281,2661.75,700
55,111.297,2668.25,700
56,113.297,2708.75,700
57,115.328,2730.5,700
58,117.359,2756.25,700
59,119.375,2783.5,700
60,121.391,2810.5,700
61,123.438,2862,700
62,125.453,2888.25,700
63,127.453,2842,700
64,129.516,2811.25,700
65,131.547,2808.75,700
66,133.562,2865.75,700
67,135.562,2944.25,700
68,137.688,3032.25,700
69,139.703,3123.75,700
70,141.703,3222.5,700
71,143.734,3327.75,700
72,145.781,3439.5,700
73,147.766,3623.25,700
74,149.797,3713.75,700
75,152.062,0,700
76,154.094,0,700
77,156.141,0,700
78,158.172,0,700
79,160.203,0,700
80,162.234,0,700
81,164.266,0,700
82,166.297,0,700
83,168.344,0,700
84,170.375,0,700
85,172.188,3090.25,700
86,174.438,0,700
87,176.234,3058.5,700
88,178.5,0,700
89,180.547,0,700
90,182.578,0,700
91,184.609,0,700
92,186.641,0,700
93,188.672,0,700
94,190.703,0,700
95,192.75,0,700
96,194.641,2942.5,700
97,196.812,0,700
98,198.844,0,700
99,200.875,0,700
100,202.906,0,700
101,204.953,0,700
102,206.984,0,700
103,209.016,0,700
104,211.047,0,700
105,213.078,0,700
106,215.016,3249.25,700
107,217.156,0,700
108,219.188,0,700
109,221.172,3062.25,700
110,223.234,2886.25,700
111,225.312,2730,700
112,227.375,2574.75,700
113,229.438,2472.5,700
114,231.469,2358.75,700
115,233.484,2279.25,700
116,235.5,2278.75,700
117,237.547,2281.25,700
118,239.562,2285.5,700
119,241.594,2280.25,700
120,243.641,2230.25,700
121,245.656,2175.5,700
122,247.734,2118,700
123,249.75,2065.25,700
124,251.828,2025.5,700
125,253.766,0,700
126,255.797,0,700
127,257.828,0,700
128,259.859,0,700
129,261.891,0,700
130,263.938,0,700
131,265.969,0,700
132,268,0,700
133,270.125,1817,700
134,272.125,1801,700
135,274.172,1798.75,700
136,276.172,1790.75,700
137,278.219,1789.25,700
138,280.266,1788.25,700
139,282.203,1789.25,700
140,284.234,1797.75,700
141,286.219,1799.75,700
142,288.281,1803,700
143,290.25,1824.5,700
144,292.281,1838.75,700
145,294.344,1843,700
146,296.297,1833.25,700
147,298.5,0,700
148,300.547,0,700
149,302.578,0,700
150,304.609,0,700
151,306.641,0,700
152,308.672,0,700
153,310.703,0,700
154,312.266,2174.25,700
155,314.312,2203,700
156,316.266,2238,700
157,318.281,2296.5,700
158,320.297,2361.75,700
159,322.281,2467.25,700
160,324.281,2531,700
161,326.266,2618.75,700
162,328.266,2733.75,700
163,330.328,2859.5,700
164,332.328,3022.5,700
165,334.312,3153.5,700
166,336.328,3350,700
167,338.281,3545,700
168,340.312,3585,700
169,342.359,3466.25,700
170,344.375,3386,700
171,346.422,3318.25,700
172,348.422,3286.75,700
173,350.453,3216.25,700
174,352.656,3180.25,700
175,354.672,3148,700
176,357.484,0,700
177,359.531,3059.5,700
1,0.46875,2942,800
2,2.46875,2942.5,800
3,4.53125,2997.5,800
4,6.54688,2998.5,800
5,8.60938,3028.5,800
6,10.6406,3029,800
7,12.6406,3001.25,800
8,14.7031,3002.5,800
9,16.6875,3061.75,800
10,18.7344,3089.25,800
11,20.7344,3090.25,800
12,22.7656,3150,800
13,24.7812,3213.5,800
14,26.8125,3152.5,800
15,28.8438,3217.75,800
16,30.875,3185.25,800
17,32.8906,3284.5,800
18,35.0781,0,800
19,37.1094,0,800
20,39.1406,0,800
21,41.1719,0,800
22,43.2031,0,800
23,45.2344,0,800
24,47.2812,0,800
25,49.3125,0,800
26,51.3438,0,800
27,53.375,0,800
28,55.4062,0,800
29,57.2344,3467,800
30,59.2656,3386.5,800
31,61.3125,3285,800
32,63.3438,3212,800
33,65.4062,3118.5,800
34,67.4531,3035,800
35,69.4688,2972.5,800
36,71.5312,2915.5,800
37,73.5625,2862.5,800
38,75.6406,2811.5,800
39,77.625,2784.75,800
40,79.6719,2757.5,800
41,81.7188,2712.75,800
42,83.75,2686.25,800
43,85.7812,2640.5,800
44,87.9531,0,800
45,89.9844,0,800
46,92.0156,0,800
47,94.0469,0,800
48,95.8594,2639.5,800
49,97.8906,2633.5,800
50,99.9531,2615.5,800
51,101.953,2634.5,800
52,103.984,2637,800
53,106.016,2640.5,800
54,108.047,2663.25,800
55,110.078,2688,800
56,112.062,2728.25,800
57,114.172,2736.75,800
58,116.156,2779.25,800
59,118.188,2808,800
60,120.203,2858.75,800
61,122.25,2909.5,800
62,124.266,2862.5,800
63,126.281,2832.25,800
64,128.328,2806.5,800
65,130.344,2863,800
66,132.406,2941,800
67,134.391,3030,800
68,136.5,3119.5,800
69,138.531,3218.75,800
70,140.531,3321.75,800
71,142.578,3465.75,800
72,144.609,3590,800
73,146.625,3713.75,800
74,148.656,3850.5,800
75,151,0,800
76,153.031,0,800
77,155.078,0,800
78,157.109,0,800
79,159.141,0,800
80,161.172,0,800
81,163.203,0,800
82,165.234,0,800
83,167.281,0,800
84,169.016,3120,800
85,171.047,3120,800
86,173.375,0,800
87,175.406,0,800
88,177.438,0,800
89,179.484,0,800
90,181.516,0,800
91,183.547,0,800
92,185.578,0,800
93,187.609,0,800
94,189.641,0,800
95,191.688,0,800
96,193.719,0,800
97,195.75,0,800
98,197.781,0,800
99,199.812,0,800
100,201.844,0,800
101,203.891,0,800
102,205.922,0,800
103,207.953,0,800
104,209.984,0,800
105,212.016,0,800
106,214.047,0,800
107,216.078,3284.5,800
108,218.141,3062.25,800
109,220.234,2887,800
110,222.297,2733,800
111,224.391,2592.75,800
112,226.438,2487.5,800
113,228.516,2377.75,800
114,230.562,2323.75,800
115,232.594,2313.25,800
116,234.547,2325,800
117,236.547,2329.75,800
118,238.578,2297.75,800
119,240.672,2247.25,800
120,242.719,2186.5,800
121,244.781,2132,800
122,246.844,2088.25,800
123,248.891,2039.5,800
124,250.938,2006,800
125,252.969,1978,800
126,254.734,0,800
127,256.766,0,800
128,258.797,0,800
129,260.828,0,800
130,262.875,0,800
131,264.906,0,800
132,266.938,0,800
133,269.25,1828.75,800
134,271.312,1817.5,800
135,273.297,1817.5,800
136,275.344,1809.5,800
137,277.422,1810.5,800
138,279.438,1817,800
139,281.422,1824.75,800
140,283.406,1827.5,800
141,285.484,1831.25,800
142,287.516,1843.5,800
143,289.484,1861.25,800
144,291.5,1881.25,800
145,293.562,1895.5,800
146,295.578,1901.5,800
147,297.438,0,800
148,299.484,0,800
149,301.516,0,800
150,303.547,0,800
151,305.578,0,800
152,307.609,0,800
153,309.641,0,800
154,311.656,2266,800
155,313.625,2298.25,800
156,315.672,2343,800
157,317.688,2416.75,800
158,319.688,2505.75,800
159,321.688,2574.5,800
160,323.688,2685,800
161,325.672,2803.75,800
162,327.688,2915.25,800
163,329.734,3087.5,800
164,331.766,3224.5,800
165,333.781,3430,800
166,335.781,3550,800
167,337.812,3545,800
168,339.875,3354,800
169,341.906,3320.5,800
170,343.953,3285.5,800
171,345.953,3223,800
172,348,3153.5,800
173,350.047,3122.75,800
174,352.078,3091.25,800
175,354.312,3088.75,800
176,356.375,2807.25,800
177,358.469,2816.75,800
1,0.453125,2808.5,900
2,2.48438,2916,900
3,4.51562,2970.25,900
4,6.57812,2970.5,900
5,8.625,2972.75,900
6,10.6719,2973.25,900
7,12.7031,2999.25,900
8,14.75,3026.25,900
9,16.6719,3031,900
10,18.7031,3060.75,900
11,20.7188,3115.5,900
12,22.7656,3120.75,900
13,24.7812,3152,900
14,26.8125,3184.75,900
15,28.8594,3182.75,900
16,30.9375,0,900
17,32.9688,0,900
18,35.0156,0,900
19,37.0469,0,900
20,39.0781,0,900
21,41.1094,0,900
22,43.1406,0,900
23,45.1719,0,900
24,47.2188,0,900
25,49.25,0,900
26,51.2812,0,900
27,53.3125,0,900
28,55.3438,0,900
29,57.4531,3388.25,900
30,59.5312,3285.5,900
31,61.5625,3213,900
32,63.625,3142,900
33,65.6094,3059.5,900
34,67.6562,2995.75,900
35,69.7031,2914.75,900
36,71.7656,2862,900
37,73.7969,2827.25,900
38,75.8594,2780.75,900
39,77.875,2738,900
40,79.9062,2726.75,900
41,81.9844,2685,900
42,83.9844,2642,900
43,86.0469,2596,900
44,87.8906,0,900
45,89.9219,0,900
46,91.9531,0,900
47,93.9844,0,900
48,96.1719,2617.75,900
49,98.2188,2597.25,900
50,100.281,2596.5,900
51,102.297,2613.75,900
52,104.297,2617.75,900
53,106.359,2639,900
54,108.391,2662.5,900
55,110.422,2669,900
56,112.438,2710.5,900
57,114.469,2735.25,900
58,116.484,2780,900
59,118.5,2828.5,900
60,120.531,2861.25,900
61,122.578,2865.75,900
62,124.594,2836.25,900
63,126.625,2822.5,900
64,128.672,2827.75,900
65,130.719,2866.5,900
66,132.719,2969.25,900
67,134.734,3060.75,900
68,136.859,3151,900
69,138.859,3253,900
70,140.906,3358.5,900
71,142.922,3506.5,900
72,144.953,3633.75,900
73,146.875,0,900
74,148.906,0,900
75,150.938,0,900
76,152.969,0,900
77,155.188,3508.25,900
78,157.219,3465.75,900
79,159.078,0,900
80,161.109,0,900
81,163.141,0,900
82,165.391,3216.75,900
83,167.438,3152,900
84,169.484,3150.5,900
85,171.281,0,900
86,173.312,0,900
87,175.344,0,900
88,177.375,0,900
89,179.422,0,900
90,181.453,0,900
91,183.484,0,900
92,185.516,0,900
93,187.547,0,900
94,189.578,0,900
95,191.625,0,900
96,193.656,0,900
97,195.688,0,900
98,197.719,0,900
99,199.75,0,900
100,201.781,0,900
101,203.828,0,900
102,205.859,0,900
103,207.891,0,900
104,209.922,0,900
105,211.953,0,900
106,213.984,0,900
107,216.641,3217.25,900
108,218.719,3028.5,900
109,220.797,2857,900
110,222.844,2709.5,900
111,224.922,2572.5,900
112,227,2472,900
113,229.094,2360.75,900
114,231.141,2357.25,900
115,233.016,2358.75,900
116,235.062,2361.25,900
117,237.094,2348.5,900
118,239.125,2295.25,900
119,241.203,2247.25,900
120,243.266,2188.75,900
121,245.281,2145,900
122,247.328,2092,900
123,249.406,2050.5,900
124,251.453,2015.5,900
125,252.641,0,900
126,254.672,0,900
127,256.703,0,900
128,258.734,0,900
129,260.766,0,900
130,262.812,0,900
131,264.844,0,900
132,266.875,0,900
133,269.797,1844.25,900
134,271.844,1841.25,900
135,273.891,1840,900
136,275.906,1832.25,900
137,277.953,1840,900
138,279.938,1841.5,900
139,281.922,1843,900
140,283.906,1852.25,900
141,285.953,1870,900
142,287.953,1879.25,900
143,290,1885.75,900
144,292.016,1912.5,900
145,294.031,1928,900
146,296.062,1918.5,900
147,297.375,0,900
148,299.422,0,900
149,301.453,0,900
150,303.484,0,900
151,305.516,0,900
152,307.547,0,900
153,309.578,0,900
154,312.078,2315.5,900
155,314.109,2343.75,900
156,316.094,2397.75,900
157,318.125,2474.25,900
158,320.125,2554,900
159,322.141,2641.5,900
160,324.094,2758.75,900
161,326.125,2865.25,900
162,328.125,3026.75,900
163,330.188,3155.5,900
164,332.203,3351.75,900
165,334.219,3545.5,900
166,336.234,3547.5,900
167,338.266,3391.75,900
168,340.312,3322.25,900
169,342.359,3285.5,900
170,344.156,0,900
171,346.422,3181.75,900
172,348.453,3123.75,900
173,350.469,3116.5,900
174,352.703,3090.25,900
175,354.734,3029,900
176,356.797,2916.75,900
177,358.406,2942.5,900
1,0.84375,2942.5,1000
2,2.90625,2969.25,1000
3,4.96875,2968.75,1000
4,6.96875,2996.25,1000
5,9.03125,2995.25,1000
6,11.0781,2970.5,1000
7,13.0938,3027.75,1000
8,15.1562,3028.5,1000
9,17.0938,3058.5,1000
10,19.1406,3088.75,1000
11,21.1562,3088.5,1000
12,23.2188,3090.25,1000
13,25.2188,3150.5,1000
14,27.3281,0,1000
15,29.3594,0,1000
16,31.3125,3285.5,1000
17,33.4219,0,1000
18,35.4688,0,1000
19,37.5,0,1000
20,39.5312,0,1000
21,41.5625,0,1000
22,43.5938,0,1000
23,45.625,0,1000
24,47.6719,0,1000
25,49.7031,0,1000
26,51.7344,0,1000
27,53.7656,0,1000
28,55.7969,0,1000
29,57.7812,3319.5,1000
30,59.8281,3217.25,1000
31,61.875,3151,1000
32,63.9062,3087,1000
33,65.9531,3023.5,1000
34,67.9844,2939.75,1000
35,70.0312,2865,1000
36,72.0938,2832.5,1000
37,74.1406,2781.5,1000
38,76.1562,2737.25,1000
39,78.1875,2710.25,1000
40,80.2188,2682.25,1000
41,82.2812,2658.25,1000
42,84.3125,2614.25,1000
43,86.3125,0,1000
44,88.3438,0,1000
45,90.375,0,1000
46,92.4062,0,1000
47,94.4375,2640.5,1000
48,96.4844,2594.5,1000
49,98.5312,2590,1000
50,100.562,2575.5,1000
51,102.594,2591.75,1000
52,104.609,2595.25,1000
53,106.625,2616.25,1000
54,108.656,2638,1000
55,110.656,2678.25,1000
56,112.734,2688,1000
57,114.734,2730,1000
58,116.75,2759,1000
59,118.766,2806,1000
60,120.781,2838.75,1000
61,122.844,2862,1000
62,124.859,2830.5,1000
63,126.891,2786.25,1000
64,128.906,2805.75,1000
65,130.969,2864,1000
66,132.969,2946.25,1000
67,134.984,3035,1000
68,137.125,3149,1000
69,139.109,3253,1000
70,141.141,3357.5,1000
71,143.188,3504,1000
72,145.234,3632.25,1000
73,147.328,0,1000
74,149.359,0,1000
75,151.391,0,1000
76,153.422,0,1000
77,155.469,0,1000
78,157.5,0,1000
79,159.531,0,1000
80,161.562,0,1000
81,163.594,0,1000
82,165.562,3249.25,1000
83,167.578,3211,1000
84,169.641,3151,1000
85,171.672,3120,1000
86,173.688,3118,1000
87,175.75,3088.75,1000
88,177.828,0,1000
89,179.875,0,1000
90,181.828,3058.5,1000
91,183.875,3030,1000
92,186.062,3029,1000
93,188,0,1000
94,190.031,0,1000
95,192.078,0,1000
96,194.109,0,1000
97,196.141,0,1000
98,198.172,0,1000
99,200.203,0,1000
100,202.234,0,1000
101,204.281,0,1000
102,206.312,0,1000
103,208.344,0,1000
104,210.375,0,1000
105,212.406,0,1000
106,214.438,0,1000
107,216.719,3220.75,1000
108,218.797,3033.25,1000
109,220.875,2863.25,1000
110,222.938,2732.25,1000
111,225.031,2591,1000
112,227.078,2490.25,1000
113,229.125,2408,1000
114,231.219,2396.5,1000
115,233.109,2399,1000
116,235.125,2413.5,1000
117,237.156,2378,1000
118,239.203,2312.25,1000
119,241.297,2256,1000
120,243.344,2216,1000
121,245.391,2171.75,1000
122,247.406,2120.5,1000
123,249.469,2077,1000
124,251.531,2037.5,1000
125,253.094,0,1000
126,255.125,0,1000
127,257.156,0,1000
128,259.188,0,1000
129,261.219,0,1000
130,263.266,0,1000
131,265.297,0,1000
132,267.328,0,1000
133,269.844,1871,1000
134,271.859,1863,1000
135,273.844,1863.5,1000
136,275.891,1862.75,1000
137,277.953,1863.5,1000
138,279.984,1863,1000
139,281.938,1870.5,1000
140,283.953,1883,1000
141,285.938,1892.75,1000
142,287.953,1905.5,1000
143,289.984,1925,1000
144,292.016,1939.75,1000
145,294.047,1955,1000
146,296.031,1962.5,1000
147,297.828,0,1000
148,299.875,0,1000
149,301.906,0,1000
150,303.938,0,1000
151,305.969,0,1000
152,308,0,1000
153,310.031,0,1000
154,312.047,2330.75,1000
155,314.078,2382,1000
156,316.047,2443.25,1000
157,318.078,2513.25,1000
158,320.047,2597,1000
159,322.047,2692.5,1000
160,324.062,2807.25,1000
161,326.047,2940.25,1000
162,328.078,3089.75,1000
163,330.109,3225,1000
164,332.141,3425.25,1000
165,334.141,3545.5,1000
166,336.156,3471.75,1000
167,338.172,3355.25,1000
168,340.203,3319,1000
169,342.25,3224.5,1000
170,344.281,3184.25,1000
171,346.312,3151,1000
172,348.344,3088.75,1000
173,350.359,3030,1000
174,352.594,3029,1000
175,354.656,2782,1000
176,356.656,2998,1000
177,358.859,2782.75,1000
1,0.765625,2914.25,1100
2,2.78125,2942,1100
3,4.85938,2942.75,1100
4,6.90625,2916.75,1100
5,8.9375,2916.75,1100
6,10.9688,2968.25,1100
7,12.9844,2998,1100
8,15.0156,2999.75,1100
9,16.9844,2999,1100
10,19.0312,3058,1100
11,21.0312,3059.5,1100
12,23.0781,3090.25,1100
13,25.1094,3118.5,1100
14,27.125,3120,1100
15,29.4219,0,1100
16,31.1875,3224,1100
17,33.5156,0,1100
18,35.5625,0,1100
19,37.6094,0,1100
20,39.6562,0,1100
21,41.7031,0,1100
22,43.75,0,1100
23,45.7812,0,1100
24,47.8281,0,1100
25,49.875,0,1100
26,51.9219,0,1100
27,53.9688,0,1100
28,56.0156,0,1100
29,57.7188,3285,1100
30,59.75,3209,1100
31,61.8125,3094.75,1100
32,63.875,3028.5,1100
33,65.9062,2945,1100
34,67.9375,2889.25,1100
35,69.9844,2836.25,1100
36,72.0312,2784.75,1100
37,74.0781,2738,1100
38,76.1406,2709.75,1100
39,76.4531,3065.75,1100
40,78.1562,2682.25,1100
41,80.2031,2641.25,1100
42,82.25,2616,1100
43,88.75,0,1100
44,90.7812,0,1100
45,92.8281,0,1100
46,96.4219,2571.75,1100
47,98.4219,2553.5,1100
48,100.469,2552.5,1100
49,102.484,2556.5,1100
50,104.531,2572.5,1100
51,106.562,2576.75,1100
52,108.594,2612,1100
53,110.594,2622.5,1100
54,112.656,2646.5,1100
55,114.672,2688.75,1100
56,116.719,2732.25,1100
57,118.734,2761,1100
58,120.766,2807.5,1100
59,122.766,2838.75,1100
60,124.812,2826.5,1100
61,126.875,2782.25,1100
62,128.891,2760.5,1100
63,130.891,2834.25,1100
64,132.953,2912,1100
65,134.922,3025.5,1100
66,137.062,3094.75,1100
67,139.094,3186.25,1100
68,141.094,3321.75,1100
69,143.156,3434.75,1100
70,145.172,3588,1100
71,146.016,0,1100
72,148.062,0,1100
73,150.109,0,1100
74,152.156,0,1100
75,154.203,0,1100
76,156.25,0,1100
77,158.281,0,1100
78,160.328,0,1100
79,162.375,0,1100
80,164.422,0,1100
81,166.469,0,1100
82,168.516,0,1100
83,170.562,0,1100
84,172.609,0,1100
85,174.656,0,1100
86,176.703,0,1100
87,178.75,0,1100
88,180.781,0,1100
89,182.828,0,1100
90,184.875,0,1100
91,186.922,0,1100
92,188.969,0,1100
93,192.078,3089.75,1100
94,194.125,3089.75,1100
95,195.109,0,1100
96,197.156,0,1100
97,199.203,0,1100
98,201.25,0,1100
99,203.281,0,1100
100,205.328,0,1100
101,207.375,0,1100
102,209.422,0,1100
103,211.469,0,1100
104,213.516,0,1100
105,216.578,3317.25,1100
106,218.641,3117.5,1100
107,220.75,2916.75,1100
108,222.797,2762,1100
109,224.844,2641.25,1100
110,226.922,2533,1100
111,228.984,2437.75,1100
112,231.062,2436.5,1100
113,233.016,2438,1100
114,235.062,2440.5,1100
115,237.094,2419.25,1100
116,239.141,2348,1100
117,241.156,2294.75,1100
118,243.219,2249.25,1100
119,245.312,2202.25,1100
120,247.312,2150.25,1100
121,249.391,2116.5,1100
122,251.422,2076.25,1100
123,252.375,0,1100
124,254.422,0,1100
125,256.469,0,1100
126,258.516,0,1100
127,260.562,0,1100
128,262.609,0,1100
129,264.656,0,1100
130,266.703,0,1100
131,269.641,1904.75,1100
132,271.672,1902,1100
133,273.672,1893.75,1100
134,275.719,1894.25,1100
135,277.75,1893.5,1100
136,279.75,1902.5,1100
137,281.734,1902.5,1100
138,283.719,1906.25,1100
139,285.719,1923,1100
140,287.766,1930.25,1100
141,289.766,1952.5,1100
142,291.828,1973.75,1100
143,293.781,1989,1100
144,295.844,1990.25,1100
145,297.375,0,1100
146,299.422,0,1100
147,301.469,0,1100
148,303.516,0,1100
149,305.562,0,1100
150,307.609,0,1100
151,309.656,0,1100
152,311.703,0,1100
153,313.859,2436.5,1100
154,315.844,2477,1100
155,317.875,2551.75,1100
156,319.859,2637.25,1100
157,321.875,2735.25,1100
158,323.859,2837,1100
159,325.859,2971,1100
160,327.844,3119.5,1100
161,329.859,3284,1100
162,331.875,3434.75,1100
163,333.891,3507,1100
164,335.922,3466.25,1100
165,337.938,3351.75,1100
166,339.969,3317.75,1100
167,342,3252.25,1100
168,344.031,3183.75,1100
169,346.062,3120.75,1100
170,348.078,3089.25,1100
171,350.094,3058.5,1100
172,352.125,3029.5,1100
173,354.344,2760.25,1100
174,356.344,2942.5,1100
175,358.75,2757.5,1100
176,435.188,13200.8,1100
1,1.45312,2940.75,1201
2,3.48438,2916,1201
3,5.51562,2916,1201
4,7.51562,2916.5,1201
5,9.54688,2916.5,1201
6,11.5781,2969.25,1201
7,13.6094,2968.75,1201
8,15.6094,2942.5,1201
9,17.625,3000.75,1201
10,19.6562,3029.5,1201
11,21.6875,3089.25,1201
12,23.6719,3119,1201
13,25.7031,3119.5,1201
14,27.75,2942.5,1201
15,29.75,3185.75,1201
16,31.7656,3285.5,1201
17,33.8125,0,1201
18,35.8281,0,1201
19,37.8594,0,1201
20,39.875,0,1201
21,41.9062,0,1201
22,43.9219,0,1201
23,45.9531,0,1201
24,47.9688,0,1201
25,49.9844,0,1201
26,52.0156,0,1201
27,54.0312,0,1201
28,56.0625,0,1201
29,58.125,3150,1201
30,60.1406,3088,1201
31,62.1719,2969.25,1201
32,64.2031,2889.25,1201
33,66.2344,2834.25,1201
34,68.2656,2781.5,1201
35,70.3125,2733.75,1201
36,72.3281,2686.5,1201
37,74.3438,2639.5,1201
38,76.4062,2596.5,1201
39,78.4219,2573.5,1201
40,80.4688,2551,1201
41,82.4531,2531.5,1201
42,84.5,2491.75,1201
43,86.3906,0,1201
44,88.4219,0,1201
45,90.4375,0,1201
46,92.4688,0,1201
47,94.4844,0,1201
48,96.6094,2490.75,1201
49,98.5938,2487,1201
50,100.625,2477,1201
51,102.625,2503.75,1201
52,104.672,2506.75,1201
53,106.672,2527.5,1201
54,108.688,2536,1201
55,110.719,2557,1201
56,112.766,2591.5,1201
57,114.781,2617.25,1201
58,116.781,2661.25,1201
59,118.812,2691.25,1201
60,120.844,2737.5,1201
61,122.828,2784,1201
62,124.875,2758.25,1201
63,126.906,2733.75,1201
64,128.922,2711.25,1201
65,130.922,2781.25,1201
66,132.938,2858.25,1201
67,134.922,2918.25,1201
68,137.109,3032.75,1201
69,139.125,3149.5,1201
70,141.125,3253.5,1201
71,143.156,3392.75,1201
72,145.156,3581.75,1201
73,147.219,3675.5,1201
74,149.094,0,1201
75,151.109,0,1201
76,153.141,0,1201
77,155.156,0,1201
78,157.188,0,1201
79,159.203,0,1201
80,161.234,0,1201
81,163.25,0,1201
82,165.266,0,1201
83,167.297,0,1201
84,169.312,0,1201
85,171.344,0,1201
86,173.359,0,1201
87,175.391,0,1201
88,177.406,0,1201
89,179.438,0,1201
90,181.734,3089.75,1201
91,183.766,3088.75,1201
92,185.875,3088.75,1201
93,187.906,3089.75,1201
94,189.938,3089.75,1201
95,191.969,3090.25,1201
96,194,3120.75,1201
97,196.031,3122.75,1201
98,198.062,3181.75,1201
99,199.656,0,1201
100,201.672,0,1201
101,203.703,0,1201
102,206.188,3320.5,1201
103,208.219,3387.5,1201
104,209.766,0,1201
105,211.797,0,1201
106,213.812,0,1201
107,216.359,3351.75,1201
108,218.422,3150.5,1201
109,220.469,2971.5,1201
110,222.531,2812,1201
111,224.594,2708.25,1201
112,226.641,2590.5,1201
113,228.734,2510.25,1201
114,230.75,2522.25,1201
115,232.75,2525.75,1201
116,234.766,2530,1201
117,236.797,2490.25,1201
118,238.812,2418,1201
119,240.875,2347.25,1201
120,242.906,2297.5,1201
121,244.984,2253.25,1201
122,247,2227.5,1201
123,249.016,2185.25,1201
124,251.062,2145,1201
125,252.234,0,1201
126,254.266,0,1201
127,256.281,0,1201
128,258.312,0,1201
129,260.328,0,1201
130,262.344,0,1201
131,264.375,0,1201
132,266.391,0,1201
133,269.25,1985.5,1201
134,271.25,1976.5,1201
135,273.266,1967.75,1201
136,275.266,1974.25,1201
137,277.297,1975,1201
138,279.281,1978,1201
139,281.312,1981,1201
140,283.328,1993.75,1201
141,285.328,1998.5,1201
142,287.359,2017,1201
143,289.375,2037.75,1201
144,291.391,2061.25,1201
145,293.344,2079.75,1201
146,295.391,2091,1201
147,296.734,0,1201
148,298.75,0,1201
149,300.781,0,1201
150,302.797,0,1201
151,304.828,0,1201
152,306.844,0,1201
153,308.875,0,1201
154,310.891,0,1201
155,313.359,2573.25,1201
156,315.375,2634.5,1201
157,317.375,2730.75,1201
158,319.375,2807.25,1201
159,321.359,2916,1201
160,323.359,3036.5,1201
161,325.359,3210.5,1201
162,327.344,3354,1201
163,329.438,3512,1201
164,331.453,3549.25,1201
165,333.5,3469.25,1201
166,335.516,3354,1201
167,337.531,3320,1201
168,339.562,3254,1201
169,341.609,3152,1201
170,343.641,3121.75,1201
171,345.672,3089.25,1201
172,347.688,3029,1201
173,349.312,0,1201
174,351.766,2889.5,1201
175,353.984,2735.75,1201
176,356.016,2916.75,1201
177,358.031,2916.5,1201
178,359.438,2967,1201
1,0.078125,2890.5,1301
2,2.10938,2888.75,1301
3,4.15625,2888.25,1301
4,6.17188,2911.75,1301
5,8.20312,2940.25,1301
6,10.2656,2941,1301
7,12.2812,2995.75,1301
8,14.3281,2996.5,1301
9,16.3594,2997.5,1301
10,18.3125,3029,1301
11,20.3125,3058.5,1301
12,22.3438,3088,1301
13,24.4062,3059.75,1301
14,26.3906,3120,1301
15,28.4375,3185.75,1301
16,30.4375,3253,1301
17,32.4688,3353,1301
18,34.8438,0,1301
19,36.8906,0,1301
20,38.9375,0,1301
21,40.9844,0,1301
22,43.0312,0,1301
23,45.0781,0,1301
24,47.1094,0,1301
25,49.1562,0,1301
26,51.2031,0,1301
27,53.25,0,1301
28,55.2969,0,1301
29,57.3438,0,1301
30,59.1406,2971,1301
31,61.1875,2890.5,1301
32,63.2188,2835.5,1301
33,65.3125,2782,1301
34,67.3438,2733.5,1301
35,69.4219,2685,1301
36,71.4688,2636.5,1301
37,73.5469,2577.75,1301
38,75.5469,2552.5,1301
39,77.6094,2531,1301
40,79.6719,2495.25,1301
41,81.7188,2489.25,1301
42,83.9688,2470.5,1301
43,85.9844,0,1301
44,88.0312,0,1301
45,90.0781,0,1301
46,92.1094,0,1301
47,94.1562,0,1301
48,95.9062,2470.5,1301
49,97.9531,2453,1301
50,99.9844,2425,1301
51,102.031,2453.25,1301
52,104.031,2470.5,1301
53,106.078,2473.5,1301
54,108.109,2505.25,1301
55,110.125,2511.75,1301
56,112.172,2548.5,1301
57,114.25,2572.25,1301
58,116.281,2596.25,1301
59,118.328,2640.75,1301
60,120.359,2686.5,1301
61,122.391,2734.5,1301
62,124.422,2732.75,1301
63,126.453,2708.75,1301
64,128.531,2683.25,1301
65,130.531,2710.25,1301
66,132.578,2782.25,1301
67,134.578,2863,1301
68,136.766,2945.5,1301
69,138.781,3086.5,1301
70,140.812,3209,1301
71,142.844,3319,1301
72,144.906,3431.25,1301
73,146.938,3629,1301
74,149.391,0,1301
75,151.438,0,1301
76,153.484,0,1301
77,155.531,0,1301
78,157.578,0,1301
79,159.609,0,1301
80,161.656,0,1301
81,163.703,0,1301
82,165.75,0,1301
83,167.797,0,1301
84,169.844,0,1301
85,171.891,0,1301
86,173.938,0,1301
87,175.984,0,1301
88,178.031,0,1301
89,180.078,0,1301
90,182.109,0,1301
91,184.156,0,1301
92,186.203,0,1301
93,188.25,0,1301
94,190.297,0,1301
95,192.156,3120,1301
96,194.219,3121.75,1301
97,196.266,3151.5,1301
98,198.312,3182.25,1301
99,200.375,3183.75,1301
100,202.578,0,1301
101,204.609,0,1301
102,206.656,0,1301
103,208.625,3387.5,1301
104,210.656,3430,1301
105,212.688,3505.25,1301
106,214.75,3585.5,1301
107,216.812,3470.5,1301
108,218.875,3284,1301
109,220.953,3118.5,1301
110,223.031,2940.75,1301
111,225.141,2802.75,1301
112,227.188,2685.5,1301
113,229.266,2586.75,1301
114,231.328,2538,1301
115,233.328,2540.25,1301
116,235.375,2554,1301
117,237.422,2554,1301
118,239.453,2505.25,1301
119,241.547,2438.5,1301
120,243.609,2376.25,1301
121,245.641,2314.25,1301
122,247.703,2271,1301
123,249.766,2238,1301
124,251.828,2192,1301
125,253.703,0,1301
126,255.75,0,1301
127,257.797,0,1301
128,259.844,0,1301
129,261.891,0,1301
130,263.938,0,1301
131,265.984,0,1301
132,268.031,0,1301
133,270.109,2017,1301
134,272.156,2017,1301
135,274.219,2015.25,1301
136,276.219,2014.5,1301
137,278.297,2015.25,1301
138,280.344,2017,1301
139,282.281,2025.5,1301
140,284.297,2036.5,1301
141,286.297,2049.5,1301
142,288.328,2064,1301
143,290.359,2086.25,1301
144,292.375,2104.25,1301
145,294.422,2119.25,1301
146,296.438,2107.75,1301
147,298.703,0,1301
148,300.75,0,1301
149,302.797,0,1301
150,304.844,0,1301
151,306.891,0,1301
152,308.938,0,1301
153,310.984,0,1301
154,312.438,2531.75,1301
155,314.438,2594.25,1301
156,316.469,2663,1301
157,318.453,2740,1301
158,320.484,2839,1301
159,322.484,2968,1301
160,324.484,3091.75,1301
161,326.484,3218.75,1301
162,328.562,3360.25,1301
163,330.562,3546.75,1301
164,333.484,0,1301
165,334.594,3506.5,1301
166,336.641,3324,1301
167,338.672,3321.75,1301
168,340.75,3286,1301
169,342.734,3216.75,1301
170,344.797,3123.75,1301
171,346.828,3061.25,1301
172,349.844,0,1301
173,351.891,0,1301
174,353.109,2915.5,1301
175,355.141,2755.25,1301
176,357.172,2914.25,1301
1,1.25,2916.75,1401
2,3.25,2940.75,1401
3,5.3125,2891.75,1401
4,7.34375,0,1401
5,9.40625,2889.5,1401
6,11.4062,2942.5,1401
7,13.4688,2967,1401
8,15.5,2967.5,1401
9,17.4062,2972.5,1401
10,19.4531,2999.25,1401
11,21.4688,3057.5,1401
12,23.4844,3088.5,1401
13,25.5156,3031.5,1401
14,27.6875,0,1401
15,29.5625,3182.75,1401
16,31.6094,3183.75,1401
17,33.7812,0,1401
18,35.8281,0,1401
19,37.8594,0,1401
20,39.8906,0,1401
21,41.9219,0,1401
22,43.9531,0,1401
23,45.9844,0,1401
24,48.0312,0,1401
25,50.0625,0,1401
26,52.0938,0,1401
27,54.125,0,1401
28,56.1562,0,1401
29,58.0781,3058.5,1401
30,60.1094,2969.75,1401
31,62.1719,2886.75,1401
32,64.2031,2810.5,1401
33,66.2031,2756.75,1401
34,68.2656,2687.25,1401
35,70.2969,2638.75,1401
36,72.3594,2577.75,1401
37,74.3906,2553,1401
38,76.375,2528.25,1401
39,78.4219,2489.75,1401
40,80.5156,2457.5,1401
41,82.5156,2453.5,1401
42,84.5625,2384.5,1401
43,86.6719,0,1401
44,88.7031,0,1401
45,90.7344,0,1401
46,92.7656,0,1401
47,94.7969,0,1401
48,96.6406,2381.75,1401
49,98.6406,2378.25,1401
50,100.688,2378.75,1401
51,102.719,2379.25,1401
52,104.703,2383.25,1401
53,106.734,2403.25,1401
54,108.734,2452.5,1401
55,110.781,2455.25,1401
56,112.859,2474.25,1401
57,114.875,2509,1401
58,116.891,2534,1401
59,118.922,2569.75,1401
60,120.922,2611.75,1401
61,122.953,2656.75,1401
62,124.953,2709.5,1401
63,127,2684.75,1401
64,129.047,2645,1401
65,131.047,2637,1401
66,133.062,2685.5,1401
67,135.109,2757.75,1401
68,137.25,2836.5,1401
69,139.25,2919,1401
70,141.266,3036.5,1401
71,143.297,3181.25,1401
72,145.312,3317.75,1401
73,147.688,0,1401
74,149.359,3630.25,1401
75,151.75,0,1401
76,153.422,3674.25,1401
77,155.828,0,1401
78,157.859,0,1401
79,159.891,0,1401
80,161.922,0,1401
81,163.609,3355.75,1401
82,165.984,0,1401
83,168.031,0,1401
84,170.062,0,1401
85,172.094,0,1401
86,173.812,3151.5,1401
87,175.828,3120,1401
88,178.188,0,1401
89,180.234,0,1401
90,182.266,0,1401
91,184.297,0,1401
92,186.062,3120,1401
93,188.359,0,1401
94,190.391,0,1401
95,192.438,0,1401
96,194.469,0,1401
97,196.25,3120,1401
98,198.531,0,1401
99,200.562,0,1401
100,202.594,0,1401
101,204.641,0,1401
102,206.438,3319.5,1401
103,208.703,0,1401
104,210.734,0,1401
105,212.766,0,1401
106,214.797,0,1401
107,216.844,0,1401
108,218.719,3467,1401
109,220.812,3282.25,1401
110,222.859,3093.25,1401
111,224.906,2964.5,1401
112,226.984,2806.5,1401
113,229.047,2708.25,1401
114,231.125,2594.5,1401
115,233.141,2575.75,1401
116,235.156,2576.25,1401
117,237.219,2607.5,1401
118,239.25,2574.75,1401
119,241.312,2526.75,1401
120,243.391,2471.5,1401
121,245.391,2410.5,1401
122,247.484,2345,1401
123,249.5,2299.5,1401
124,251.562,2257,1401
125,253.453,0,1401
126,255.484,0,1401
127,257.516,0,1401
128,259.547,0,1401
129,261.578,0,1401
130,263.625,0,1401
131,265.656,0,1401
132,267.688,0,1401
133,269.75,2087.75,1401
134,271.75,2075,1401
135,273.828,2066.5,1401
136,275.812,2063,1401
137,277.844,2066,1401
138,279.906,2065.5,1401
139,281.812,2068.25,1401
140,283.828,2087.5,1401
141,285.828,2090.5,1401
142,287.859,2115.75,1401
143,289.844,2131.5,1401
144,291.891,2158.75,1401
145,293.875,2175.5,1401
146,295.906,2174.5,1401
147,298.188,0,1401
148,300.234,0,1401
149,302.266,0,1401
150,304.297,0,1401
151,306.328,0,1401
152,308.359,0,1401
153,310.391,0,1401
154,312.438,0,1401
155,313.922,2659,1401
156,315.906,2729,1401
157,317.953,2787,1401
158,319.922,2908.25,1401
159,321.922,3003.5,1401
160,323.938,3147.5,1401
161,325.953,3281.75,1401
162,327.938,3423.5,1401
163,330.031,3590,1401
164,332.047,3588,1401
165,334.062,3585.5,1401
166,336.094,3392.25,1401
167,338.125,3353,1401
168,340.172,3317.75,1401
169,342.188,3217.75,1401
170,344.219,3150.5,1401
171,346.234,3120,1401
172,348.266,3088,1401
173,350.344,2784,1401
174,352.484,2969.75,1401
175,354.562,2757,1401
176,356.562,2913.5,1401
177,359.219,2916.75,1401
1,0.609375,2915.25,1501
2,2.65625,2889.25,1501
3,4.71875,2910.75,1501
4,6.73438,2916.5,1501
5,8.79688,2889.5,1501
6,10.7969,2911.25,1501
7,12.8281,2913,1501
8,14.8906,2888.25,1501
9,16.8281,2966.5,1501
10,18.8281,2969.75,1501
11,20.8438,2998.5,1501
12,22.875,2942.5,1501
13,24.9219,2999.25,1501
14,26.9375,3058.5,1501
15,28.9688,3120.25,1501
16,30.9688,3182.75,1501
17,32.9844,3284.5,1501
18,35,0,1501
19,37.0312,0,1501
20,39.0469,0,1501
21,41.0781,0,1501
22,43.0938,0,1501
23,45.125,0,1501
24,47.1406,0,1501
25,49.1562,0,1501
26,51.1875,0,1501
27,53.2031,0,1501
28,55.2344,0,1501
29,57.4688,2999.75,1501
30,59.5156,2891.25,1501
31,61.5469,2814,1501
32,63.5781,2759.5,1501
33,65.6406,2691,1501
34,67.6875,2638.25,1501
35,69.75,2590,1501
36,71.7656,2548.75,1501
37,73.8125,2509.75,1501
38,75.8281,2486.75,1501
39,77.9062,2453.25,1501
40,79.9219,2401.25,1501
41,81.9844,2394.25,1501
42,84.0312,2345,1501
43,86.0469,2300.25,1501
44,87.5938,0,1501
45,89.6094,0,1501
46,91.6406,0,1501
47,93.6562,0,1501
48,96.0781,2317.5,1501
49,98.0938,2314.25,1501
50,100.109,2311.75,1501
51,102.141,2314.25,1501
52,104.156,2328.5,1501
53,106.203,2333,1501
54,108.188,2358.75,1501
55,110.219,2380.25,1501
56,112.266,2414.5,1501
57,114.297,2436.25,1501
58,116.266,2472.25,1501
59,118.281,2507.5,1501
60,120.312,2533,1501
61,122.359,2572.75,1501
62,124.359,2617.25,1501
63,126.359,2639.75,1501
64,128.375,2617,1501
65,130.438,2592.75,1501
66,132.453,2577.5,1501
67,134.438,2643.75,1501
68,136.625,2734.25,1501
69,138.656,2829.75,1501
70,140.672,2914.75,1501
71,142.688,3034.25,1501
72,144.719,3154,1501
73,146.734,3319,1501
74,148.766,3467,1501
75,150.797,3632.25,1501
76,152.797,3713.75,1501
77,154.328,0,1501
78,156.359,0,1501
79,158.375,0,1501
80,160.406,0,1501
81,162.422,0,1501
82,164.438,0,1501
83,166.469,0,1501
84,168.484,0,1501
85,170.516,0,1501
86,172.531,0,1501
87,174.562,0,1501
88,176.578,0,1501
89,178.609,0,1501
90,180.625,0,1501
91,182.641,0,1501
92,184.672,0,1501
93,186.688,0,1501
94,188.719,0,1501
95,191.531,3090.25,1501
96,192.766,0,1501
97,194.781,0,1501
98,196.797,0,1501
99,198.828,0,1501
100,200.844,0,1501
101,202.875,0,1501
102,204.891,0,1501
103,206.922,0,1501
104,208.938,0,1501
105,210.969,0,1501
106,212.984,0,1501
107,215,0,1501
108,217.031,0,1501
109,220.016,3467.5,1501
110,222.078,3285.5,1501
111,224.125,3143,1501
112,226.188,2970.25,1501
113,228.234,2856.25,1501
114,230.297,2734.25,1501
115,232.359,2633.75,1501
116,234.344,2612.5,1501
117,236.391,2618,1501
118,238.453,2636.5,1501
119,240.484,2614.75,1501
120,242.516,2553.5,1501
121,244.578,2506.75,1501
122,246.625,2453.75,1501
123,248.641,2408.75,1501
124,250.703,2343.25,1501
125,252.734,2298,1501
126,253.438,0,1501
127,255.453,0,1501
128,257.484,0,1501
129,259.5,0,1501
130,261.516,0,1501
131,263.547,0,1501
132,265.562,0,1501
133,268.891,2160.5,1501
134,270.891,2134,1501
135,272.922,2131.5,1501
136,274.922,2128.25,1501
137,276.953,2130.75,1501
138,278.953,2130,1501
139,280.859,2132.25,1501
140,282.844,2144.75,1501
141,284.891,2149.25,1501
142,286.859,2164.25,1501
143,288.891,2188,1501
144,290.891,2203.5,1501
145,292.891,2231.25,1501
146,294.922,2246.5,1501
147,296.906,2249.5,1501
148,297.922,0,1501
149,299.953,0,1501
150,301.969,0,1501
151,304,0,1501
152,306.016,0,1501
153,308.047,0,1501
154,310.062,0,1501
155,312.844,2711.25,1501
156,314.812,2760.25,1501
157,316.812,2834.25,1501
158,318.812,2937.5,1501
159,320.812,3033.75,1501
160,322.781,3154,1501
161,324.781,3290.5,1501
162,326.797,3431.75,1501
163,328.797,3594,1501
164,330.812,3673.5,1501
165,332.828,3625.75,1501
166,334.859,3427.75,1501
167,336.859,3428.25,1501
168,338.875,3354.5,1501
169,340.891,3286.75,1501
170,342.922,3152,1501
171,344.953,3120.25,1501
172,346.953,3031,1501
173,349.016,2809.25,1501
174,350.969,2946,1501
175,352.531,0,1501
176,355.141,2885.75,1501
177,357.125,2914.75,1501
178,358.609,2891.25,1501
1,1.79688,2941.5,1601
2,3.82812,2941.5,1601
3,5.85938,2970.25,1601
4,7.89062,2942.5,1601
5,9.95312,2916,1601
6,11.9844,2997.5,1601
7,14.0156,3025.5,1601
8,16.0625,3000.25,1601
9,18.1562,0,1601
10,20.1406,2835.75,1601
11,22.1406,3088.75,1601
12,24.1719,3120.25,1601
13,26.1875,3183.25,1601
14,28.2344,3251.25,1601
15,30.25,3386,1601
16,32.2656,3390,1601
17,34.5156,0,1601
18,36.5625,0,1601
19,38.6094,0,1601
20,40.6562,0,1601
21,42.7031,0,1601
22,44.75,0,1601
23,46.7812,0,1601
24,48.8281,0,1601
25,50.875,0,1601
26,52.9219,0,1601
27,54.9688,0,1601
28,56.9062,2758.25,1601
29,58.9531,2664.5,1601
30,61.0156,2595.25,1601
31,63.0781,2550.5,1601
32,65.1094,2504.25,1601
33,67.1406,2454.5,1601
34,69.1719,2410.5,1601
35,71.25,2361,1601
36,73.3125,2326.75,1601
37,75.3125,2297,1601
38,77.375,2270.5,1601
39,79.4219,2254.75,1601
40,81.4688,2245.75,1601
41,83.5156,2209.75,1601
42,85.5781,2188.25,1601
43,87.7031,0,1601
44,89.75,0,1601
45,91.7812,0,1601
46,93.8281,0,1601
47,95.7188,2221,1601
48,97.7656,2206.75,1601
49,99.7812,2207.25,1601
50,101.812,2227,1601
51,103.828,2233.5,1601
52,105.891,2249.5,1601
53,107.922,2258,1601
54,109.984,2282.5,1601
55,111.969,2298.75,1601
56,114,2341,1601
57,116.062,2376.25,1601
58,118.062,2415.5,1601
59,120.094,2457.25,1601
60,122.094,2507.25,1601
61,124.141,2534.25,1601
62,126.188,2511.25,1601
63,128.234,2492,1601
64,130.266,2486,1601
65,132.281,2528.5,1601
66,134.297,2592.5,1601
67,136.344,2687.25,1601
68,138.469,2784,1601
69,140.516,2889.25,1601
70,142.547,3030.5,1601
71,144.562,3179.25,1601
72,146.594,3320,1601
73,148.641,3467,1601
74,151.109,0,1601
75,153.156,0,1601
76,155.203,0,1601
77,157.25,0,1601
78,159.281,0,1601
79,161.328,0,1601
80,163.375,0,1601
81,165.422,0,1601
82,167.469,0,1601
83,169.516,0,1601
84,171.047,3120,1601
85,173.609,0,1601
86,175.656,0,1601
87,177.703,0,1601
88,179.75,0,1601
89,181.781,0,1601
90,183.828,0,1601
91,185.391,3058.5,1601
92,187.422,3058.5,1601
93,189.469,3089.75,1601
94,192.016,0,1601
95,193.531,3120,1601
96,196.109,0,1601
97,198.156,0,1601
98,200.203,0,1601
99,202.25,0,1601
100,204.281,0,1601
101,206.328,0,1601
102,208.375,0,1601
103,209.859,3429,1601
104,211.906,3506.5,1601
105,213.938,3587.5,1601
106,216.562,0,1601
107,218.047,3586.75,1601
108,220.109,3424.75,1601
109,222.172,3251.75,1601
110,224.203,3118,1601
111,226.281,2995.25,1601
112,228.344,2860.5,1601
113,230.406,2759.5,1601
114,232.469,2708.25,1601
115,234.484,2710.5,1601
116,236.5,2715.5,1601
117,238.578,2736,1601
118,240.609,2681.75,1601
119,242.688,2616.5,1601
120,244.719,2570.75,1601
121,246.766,2525.5,1601
122,248.828,2487.75,1601
123,250.891,2423.75,1601
124,253.375,0,1601
125,255.422,0,1601
126,257.469,0,1601
127,259.516,0,1601
128,261.562,0,1601
129,263.609,0,1601
130,265.656,0,1601
131,267.703,0,1601
132,269.109,2266.5,1601
133,271.156,2255.75,1601
134,273.188,2252.75,1601
135,275.203,2254.75,1601
136,277.234,2257.5,1601
137,279.25,2259.75,1601
138,281.219,2278.75,1601
139,283.266,2283.25,1601
140,285.25,2298.75,1601
141,287.312,2325.5,1601
142,289.312,2343.25,1601
143,291.328,2364.75,1601
144,293.359,2414.25,1601
145,295.391,2421.25,1601
146,298.375,0,1601
147,300.422,0,1601
148,302.469,0,1601
149,304.516,0,1601
150,306.562,0,1601
151,308.609,0,1601
152,310.656,0,1601
153,312.703,0,1601
154,313.469,3058,1601
155,315.453,3118.5,1601
156,317.5,3215,1601
157,319.5,3349,1601
158,321.5,3470,1601
159,323.516,3629,1601
160,325.516,3758.25,1601
161,327.547,3756.75,1601
162,329.656,3550,1601
163,331.672,3507.75,1601
164,333.719,3430,1601
165,335.766,3354.5,1601
166,337.781,3287.75,1601
167,339.844,3183.75,1601
168,341.859,3149.5,1601
169,345.422,0,1601
170,345.922,3088.5,1601
171,347.969,2942.5,1601
172,349.984,3027.75,1601
173,352.016,2998,1601
174,354.203,2996.25,1601
175,356.266,2941.5,1601
176,359.75,2916.5,1601
1,0.328125,2969.75,1701
2,2.375,2969.75,1701
3,4.4375,2940.25,1701
4,6.48438,2916.75,1701
5,8.48438,2942.5,1701
6,10.5625,2941,1701
7,12.5781,2996.25,1701
8,14.625,2999,1701
9,16.6094,2999.75,1701
10,18.6719,2833.75,1701
11,20.6406,3088.5,1701
12,22.7031,3120.75,1701
13,24.7188,3151.5,1701
14,26.75,3251.25,1701
15,28.7656,3353,1701
16,30.7969,3388.25,1701
17,32.8594,0,1701
18,34.9062,0,1701
19,36.9375,0,1701
20,38.9688,0,1701
21,41,0,1701
22,43.0312,0,1701
23,45.0625,0,1701
24,47.1094,0,1701
25,49.1406,0,1701
26,51.1719,0,1701
27,53.2031,0,1701
28,55.2344,0,1701
29,57.4219,2619,1701
30,59.4688,2555.75,1701
31,61.5469,2508,1701
32,63.5625,2454.25,1701
33,65.5781,2396.5,1701
34,67.6406,2344.75,1701
35,69.6562,2300.5,1701
36,71.6875,2273.25,1701
37,73.75,2253.5,1701
38,75.7969,2233.75,1701
39,77.7969,2205.5,1701
40,79.875,2189,1701
41,81.8906,2174.5,1701
42,83.9375,2157.75,1701
43,85.75,0,1701
44,87.7812,0,1701
45,89.8125,0,1701
46,91.8438,0,1701
47,93.875,0,1701
48,96.125,2160.5,1701
49,98.125,2158,1701
50,100.156,2146.25,1701
51,102.188,2170.75,1701
52,104.219,2174.75,1701
53,106.25,2189.75,1701
54,108.25,2215.75,1701
55,110.312,2234.25,1701
56,112.344,2254.25,1701
57,114.406,2282.75,1701
58,116.391,2311.75,1701
59,118.422,2346.75,1701
60,120.453,2398.25,1701
61,122.469,2455,1701
62,124.5,2475.25,1701
63,126.547,2457,1701
64,128.594,2423,1701
65,130.641,2416.75,1701
66,132.656,2485.75,1701
67,134.656,2550.75,1701
68,136.844,2619,1701
69,138.828,2732.75,1701
70,140.859,2836.25,1701
71,142.891,2970.25,1701
72,144.906,3118.5,1701
73,146.938,3284.5,1701
74,148.797,0,1701
75,150.828,0,1701
76,152.859,0,1701
77,154.906,0,1701
78,156.938,0,1701
79,158.969,0,1701
80,161,0,1701
81,163.031,0,1701
82,165.062,0,1701
83,167.109,0,1701
84,169.141,0,1701
85,171.172,0,1701
86,173.203,0,1701
87,175.234,0,1701
88,177.266,0,1701
89,179.312,0,1701
90,181.344,0,1701
91,183.375,0,1701
92,185.406,0,1701
93,187.438,0,1701
94,189.469,0,1701
95,191.516,0,1701
96,193.891,3120,1701
97,195.578,0,1701
98,197.609,0,1701
99,199.641,0,1701
100,202.047,3223,1701
101,204.094,3286.75,1701
102,205.75,0,1701
103,207.781,0,1701
104,209.812,0,1701
105,212.281,3508.25,1701
106,213.875,0,1701
107,215.922,0,1701
108,217.953,0,1701
109,220.484,3469.25,1701
110,222.516,3319.5,1701
111,224.594,3154.5,1701
112,226.656,3032.75,1701
113,228.688,2915.25,1701
114,230.797,2831.25,1701
115,232.797,2737.25,1701
116,234.812,2758.75,1701
117,236.875,2779.25,1701
118,238.891,2786.75,1701
119,240.984,2735.25,1701
120,242.984,2687,1701
121,245.062,2619.75,1701
122,247.109,2573.5,1701
123,249.141,2535.75,1701
124,251.203,2505.25,1701
125,252.531,0,1701
126,254.562,0,1701
127,256.594,0,1701
128,258.625,0,1701
129,260.656,0,1701
130,262.703,0,1701
131,264.734,0,1701
132,266.766,0,1701
133,269.5,2314.75,1701
134,271.516,2322.75,1701
135,273.547,2323,1701
136,275.609,2325,1701
137,277.641,2326.25,1701
138,279.688,2327.75,1701
139,281.625,2344.25,1701
140,283.625,2361.25,1701
141,285.641,2390.25,1701
142,287.656,2412.75,1701
143,289.688,2423,1701
144,291.719,2471.5,1701
145,293.734,2504.5,1701
146,295.766,2494,1701
147,297.266,0,1701
148,299.312,0,1701
149,301.344,0,1701
150,303.375,0,1701
151,305.406,0,1701
152,307.438,0,1701
153,309.469,0,1701
154,311.516,0,1701
155,313.891,3124.25,1701
156,315.875,3224,1701
157,317.891,3353,1701
158,319.906,3502.75,1701
159,321.922,3631,1701
160,323.938,3798.75,1701
161,325.953,3803.75,1701
162,328,3709.5,1701
163,330.094,3545.5,1701
164,332.141,3470.5,1701
165,334.141,3391.75,1701
166,336.203,3318.25,1701
167,338.219,3216.75,1701
168,340.266,3179.75,1701
169,342.016,0,1701
170,344.375,3089.25,1701
171,346.375,2942.5,1701
172,348.422,3001.5,1701
173,350.156,0,1701
174,352.688,2998.5,1701
175,354.719,2972,1701
176,356.781,2972.75,1701
177,358.297,2968,1701
1,0.875,2971,1801
2,2.9375,2916.75,1801
3,4.95312,2998,1801
4,7.01562,2969.25,1801
5,9.04688,2943.75,1801
6,11.0781,2969.75,1801
7,13.125,2999,1801
8,15.1875,2998,1801
9,17.2188,2831.75,1801
10,19.2031,3032.75,1801
11,21.2344,3062.75,1801
12,23.25,3120,1801
13,25.3125,3221.25,1801
14,27.3281,3320,1801
15,29.375,3386.5,1801
16,31.4219,3425.25,1801
17,33.2188,0,1801
18,35.2344,0,1801
19,37.2656,0,1801
20,39.2812,0,1801
21,41.3125,0,1801
22,43.3281,0,1801
23,45.3594,0,1801
24,47.375,0,1801
25,49.3906,0,1801
26,51.4219,0,1801
27,53.4375,0,1801
28,55.4688,0,1801
29,58.0938,2512.5,1801
30,60.125,2457.25,1801
31,62.1875,2399.5,1801
32,64.2188,2346.75,1801
33,66.2812,2300,1801
34,68.3281,2268.75,1801
35,70.375,2248.25,1801
36,72.4531,2216,1801
37,74.4531,2187.75,1801
38,76.5312,2160.75,1801
39,78.5938,2122.75,1801
40,80.625,2106.75,1801
41,82.6719,2093.5,1801
42,84.7031,2064.5,1801
43,85.7969,0,1801
44,87.8281,0,1801
45,89.8438,0,1801
46,91.875,0,1801
47,94.75,2133,1801
48,96.7969,2091.5,1801
49,98.8438,2078.5,1801
50,100.906,2088.25,1801
51,102.922,2092.5,1801
52,104.906,2116.25,1801
53,106.938,2141.25,1801
54,108.953,2148.75,1801
55,111.016,2186.25,1801
56,113.031,2205,1801
57,115.078,2234.5,1801
58,117.109,2266,1801
59,119.094,2297.5,1801
60,121.141,2343.5,1801
61,123.156,2384.25,1801
62,125.188,2413.75,1801
63,127.219,2383.5,1801
64,129.25,2363,1801
65,131.297,2348,1801
66,133.297,2417.5,1801
67,135.328,2491.75,1801
68,137.469,2574.5,1801
69,139.453,2667.75,1801
70,141.5,2783.5,1801
71,143.516,2913.5,1801
72,145.531,3063.25,1801
73,147.562,3217.75,1801
74,149.578,3391.75,1801
75,150.516,0,1801
76,152.547,0,1801
77,154.562,0,1801
78,156.594,0,1801
79,158.609,0,1801
80,160.641,0,1801
81,162.656,0,1801
82,164.672,0,1801
83,166.703,0,1801
84,168.719,0,1801
85,170.75,0,1801
86,172.766,0,1801
87,174.797,0,1801
88,176.812,0,1801
89,178.844,0,1801
90,180.859,0,1801
91,182.875,0,1801
92,184.906,0,1801
93,186.922,0,1801
94,190.375,3088.75,1801
95,190.969,0,1801
96,193,0,1801
97,195.016,0,1801
98,197.031,0,1801
99,199.062,0,1801
100,201.078,0,1801
101,204.578,3319.5,1801
102,205.125,0,1801
103,207.156,0,1801
104,209.172,0,1801
105,211.203,0,1801
106,213.219,0,1801
107,215.234,0,1801
108,217.266,0,1801
109,220.875,3509,1801
110,222.953,3354.5,1801
111,225,3217.75,1801
112,227.047,3092.25,1801
113,229.109,2994.75,1801
114,231.172,2864.5,1801
115,233.125,2787,1801
116,235.125,2824.5,1801
117,237.188,2831.25,1801
118,239.188,2839,1801
119,241.234,2804.75,1801
120,243.266,2738,1801
121,245.297,2687.25,1801
122,247.344,2637,1801
123,249.359,2605.25,1801
124,251.438,2552,1801
125,251.641,0,1801
126,253.672,0,1801
127,255.688,0,1801
128,257.719,0,1801
129,259.734,0,1801
130,261.75,0,1801
131,263.781,0,1801
132,265.797,0,1801
133,269.5,2410.5,1801
134,271.531,2396.25,1801
135,273.578,2396.75,1801
136,275.562,2398.5,1801
137,277.594,2411.75,1801
138,279.609,2418.75,1801
139,281.469,2435.5,1801
140,283.469,2443,1801
141,285.5,2486,1801
142,287.484,2505.25,1801
143,289.469,2528.5,1801
144,291.5,2551.75,1801
145,293.469,2589.5,1801
146,295.484,2613.5,1801
147,296.141,0,1801
148,298.156,0,1801
149,300.188,0,1801
150,302.203,0,1801
151,304.234,0,1801
152,306.25,0,1801
153,308.281,0,1801
154,310.297,0,1801
155,313.391,3320.5,1801
156,315.391,3421.25,1801
157,317.375,3515,1801
158,319.344,3671,1801
159,321.328,3850.5,1801
160,323.328,3898.25,1801
161,325.375,3713,1801
162,327.375,3584.25,1801
163,329.438,3507,1801
164,331.438,3429,1801
165,333.469,3385.25,1801
166,335.484,3282.25,1801
167,337.484,3218.75,1801
168,339.547,2941,1801
169,340.641,0,1801
170,343.531,3030.5,1801
171,345.516,3031,1801
172,347.547,3000.75,1801
173,349.562,3023.5,1801
174,351.562,2994,1801
175,353.766,2968.25,1801
176,355.766,2965.25,1801
177,357.766,2942.5,1801
178,358.844,2942.75,1801
1,1.79688,2940.75,1901
2,3.8125,2966.25,1901
3,5.84375,2967.5,1901
4,7.89062,2968.75,1901
5,9.89062,2969.25,1901
6,11.8906,2942.5,1901
7,13.9688,2834.5,1901
8,15.9375,3062.25,1901
9,17.8125,3117.5,1901
10,19.8281,3181.25,1901
11,21.8281,3283.5,1901
12,23.8438,3318.25,1901
13,25.8438,3354,1901
14,27.8594,3390.5,1901
15,29.8438,3434.25,1901
16,31.8438,3545.5,1901
17,34.375,0,1901
18,36.4219,0,1901
19,38.4531,0,1901
20,40.4844,0,1901
21,42.5156,0,1901
22,44.5469,0,1901
23,46.5781,0,1901
24,48.625,0,1901
25,50.6562,0,1901
26,52.6875,0,1901
27,54.7188,0,1901
28,56.75,0,1901
29,58.4219,2327.25,1901
30,60.4062,2273,1901
31,62.4531,2249.75,1901
32,64.4844,2214,1901
33,66.4531,2185.25,1901
34,68.5156,2145.75,1901
35,70.5469,2107,1901
36,72.5625,2090.25,1901
37,74.5938,2065.75,1901
38,76.6094,2058.75,1901
39,78.6406,2038.5,1901
40,80.625,2026.5,1901
41,82.6719,2016.5,1901
42,84.6875,2000,1901
43,87.2656,0,1901
44,89.2969,0,1901
45,91.3281,0,1901
46,93.3594,0,1901
47,94.6719,2053.25,1901
48,96.6562,2041.25,1901
49,98.6875,2040.25,1901
50,100.703,2051.75,1901
51,102.703,2067,1901
52,104.734,2091,1901
53,106.688,2116.25,1901
54,108.703,2146,1901
55,110.703,2185,1901
56,112.703,2215.75,1901
57,114.734,2249.25,1901
58,116.719,2272.75,1901
59,118.719,2315.75,1901
60,120.75,2342.75,1901
61,122.75,2337.25,1901
62,124.812,2310.75,1901
63,126.766,2298,1901
64,128.797,2344.75,1901
65,130.75,2422,1901
66,132.75,2513,1901
67,134.734,2598.75,1901
68,136.891,2714,1901
69,138.906,2858.25,1901
70,140.891,2971,1901
71,142.891,3152,1901
72,144.891,3319.5,1901
73,148.281,0,1901
74,150.312,0,1901
75,152.344,0,1901
76,154.375,0,1901
77,156.422,0,1901
78,158.453,0,1901
79,160.484,0,1901
80,162.516,0,1901
81,164.547,0,1901
82,166.578,0,1901
83,168.625,0,1901
84,170.656,0,1901
85,172.688,0,1901
86,174.719,0,1901
87,176.75,0,1901
88,178.781,0,1901
89,180.828,0,1901
90,182.859,0,1901
91,184.891,0,1901
92,186.922,0,1901
93,188.953,0,1901
94,189.609,3120,1901
95,191.625,3120,1901
96,193.656,3185.25,1901
97,197.094,0,1901
98,197.734,3285,1901
99,199.75,3321.75,1901
100,201.766,3391.75,1901
101,205.234,0,1901
102,207.266,0,1901
103,209.297,0,1901
104,211.328,0,1901
105,213.359,0,1901
106,214,3673.5,1901
107,216.031,3543.75,1901
108,218.094,3358.5,1901
109,220.125,3223.5,1901
110,222.203,3144,1901
111,224.25,3003.75,1901
112,226.281,2911.75,1901
113,228.328,2859.25,1901
114,230.391,2882,1901
115,232.406,2890,1901
116,234.484,2890,1901
117,236.516,2833.75,1901
118,238.562,2782.75,1901
119,240.594,2731.25,1901
120,242.672,2685,1901
121,244.734,2638.25,1901
122,246.75,2609,1901
123,248.797,2572.5,1901
124,250.844,2549.75,1901
125,254.047,0,1901
126,256.078,0,1901
127,258.109,0,1901
128,260.141,0,1901
129,262.172,0,1901
130,264.219,0,1901
131,266.25,0,1901
132,268.281,0,1901
133,269.156,2474.25,1901
134,271.172,2487.5,1901
135,273.203,2490.25,1901
136,275.219,2506.5,1901
137,277.25,2525.25,1901
138,279.297,2535.25,1901
139,281.281,2568,1901
140,283.25,2590.5,1901
141,285.297,2615.25,1901
142,287.297,2661.25,1901
143,289.312,2707.25,1901
144,291.328,2740.75,1901
145,293.359,2805.25,1901
146,295.391,2857,1901
147,298.781,0,1901
148,300.828,0,1901
149,302.859,0,1901
150,304.891,0,1901
151,306.922,0,1901
152,308.953,0,1901
153,310.984,0,1901
154,313.031,0,1901
155,313.516,3713.75,1901
156,315.531,3950.25,1901
157,317.547,3947.25,1901
158,319.609,3674.25,1901
159,321.656,3625.75,1901
160,323.672,3545,1901
161,325.734,3473.5,1901
162,327.75,3355.25,1901
163,329.953,3286,1901
164,333.359,0,1901
165,334.016,3120,1901
166,336.094,2914.75,1901
167,338.125,3090.25,1901
168,340.156,3089.25,1901
169,342.188,3061.75,1901
170,344.219,3059,1901
171,346.281,3025.75,1901
172,348.312,2997.5,1901
173,350.359,2969.25,1901
174,352.562,2968,1901
175,354.609,2969.75,1901
176,356.672,2968.75,1901
177,359.812,2919,1901
1,1.34375,2972,2001
2,3.40625,2941,2001
3,5.42188,0,2001
4,7.5,2968.75,2001
5,9.54688,3034.5,2001
6,11.5469,3063.75,2001
7,13.5781,3181.75,2001
8,15.625,3285.5,2001
9,17.5781,3287.25,2001
10,19.5938,3386.5,2001
11,21.6406,3388.75,2001
12,23.6562,3471.25,2001
13,25.7031,3507.75,2001
14,27.75,3584.25,2001
15,29.8125,3389.25,2001
16,31.8438,3183.75,2001
17,34.0625,0,2001
18,36.1094,0,2001
19,38.1562,0,2001
20,40.2031,0,2001
21,42.25,0,2001
22,44.2969,0,2001
23,46.3281,0,2001
24,48.375,0,2001
25,50.4219,0,2001
26,52.4688,0,2001
27,54.5156,0,2001
28,56.6719,2161,2001
29,58.7344,2116.75,2001
30,60.8125,2075.5,2001
31,62.8125,2040.25,2001
32,64.9688,2023.5,2001
33,67,1993.5,2001
34,69.1094,1983.25,2001
35,71.1562,1953.75,2001
36,73.2031,1939.25,2001
37,75.25,1919.75,2001
38,77.2969,1915.25,2001
39,79.3438,1904.5,2001
40,81.4375,1895.5,2001
41,83.4531,1892.25,2001
42,85.5625,1871,2001
43,87.25,0,2001
44,89.2969,0,2001
45,91.3281,0,2001
46,93.375,0,2001
47,95.7031,1963,2001
48,97.7812,1960.25,2001
49,99.7969,1955.25,2001
50,101.812,1978,2001
51,103.891,1995.25,2001
52,105.891,2025.5,2001
53,107.953,2059.25,2001
54,109.984,2086.5,2001
55,112.016,2119,2001
56,114.062,2152.75,2001
57,116.109,2196.25,2001
58,118.141,2252.75,2001
59,120.172,2248.25,2001
60,122.25,2233.5,2001
61,124.281,2217.5,2001
62,126.297,2215.5,2001
63,128.344,2268.25,2001
64,130.359,2342,2001
65,132.391,2439.5,2001
66,134.422,2533,2001
67,136.641,2640,2001
68,138.625,2781.25,2001
69,140.672,2916,2001
70,142.703,3090.75,2001
71,144.516,0,2001
72,146.781,3504.5,2001
73,148.609,0,2001
74,150.656,0,2001
75,152.703,0,2001
76,154.75,0,2001
77,156.797,0,2001
78,158.828,0,2001
79,160.875,0,2001
80,162.922,0,2001
81,164.969,0,2001
82,167.016,0,2001
83,169.062,0,2001
84,171.109,0,2001
85,173.156,0,2001
86,175.203,0,2001
87,177.25,0,2001
88,179.297,0,2001
89,181.328,0,2001
90,183.375,0,2001
91,185.422,0,2001
92,187.469,0,2001
93,189.516,0,2001
94,192.141,3183.75,2001
95,194.188,3220.75,2001
96,195.656,0,2001
97,197.703,0,2001
98,200.344,3355.25,2001
99,201.797,0,2001
100,203.828,0,2001
101,206.531,3585.5,2001
102,208.578,3635,2001
103,210.625,3755.5,2001
104,212.672,3898.25,2001
105,214.734,3997.25,2001
106,216.828,3634.25,2001
107,218.906,3508.25,2001
108,220.984,3358,2001
109,223.062,3251.75,2001
110,225.125,3148,2001
111,227.203,3033.75,2001
112,229.266,2991.25,2001
113,231.344,2994.75,2001
114,233.312,3006.25,2001
115,235.406,3031.75,2001
116,237.438,2969.75,2001
117,239.531,2911.25,2001
118,241.594,2840.25,2001
119,243.656,2806,2001
120,245.703,2777.25,2001
121,247.766,2735,2001
122,249.828,2705.75,2001
123,251.938,2642.5,2001
124,252.922,0,2001
125,254.969,0,2001
126,257.016,0,2001
127,259.062,0,2001
128,261.109,0,2001
129,263.156,0,2001
130,265.203,0,2001
131,268.203,2597,2001
132,270.266,2590,2001
133,272.297,2592.5,2001
134,274.344,2609.75,2001
135,276.375,2615.25,2001
136,278.422,2638,2001
137,280.453,2663.75,2001
138,282.406,2689.5,2001
139,284.406,2714.75,2001
140,286.469,2757.5,2001
141,288.5,2785.75,2001
142,290.516,2837.5,2001
143,292.578,2885.75,2001
144,294.578,2942,2001
145,295.875,0,2001
146,297.922,0,2001
147,299.969,0,2001
148,302.016,0,2001
149,304.062,0,2001
150,306.109,0,2001
151,308.156,0,2001
152,310.203,0,2001
153,312.25,0,2001
154,314.812,3951,2001
155,316.844,3997.25,2001
156,318.875,3755.5,2001
157,320.922,3672.25,2001
158,322.969,3624.5,2001
159,325.016,3545.5,2001
160,327.047,3429.5,2001
161,329.172,3321.75,2001
162,331.203,3316.75,2001
163,333.266,3151,2001
164,335.328,2942.5,2001
165,337.344,3118,2001
166,339.406,3091.25,2001
167,341.438,3087,2001
168,343.484,3036,2001
169,345.531,3029.5,2001
170,347.578,3024,2001
171,349.594,2972.5,2001
172,351.641,2972.5,2001
173,353.844,2971.5,2001
174,355.875,2970.25,2001
175,357.938,2997.5,2001
176,359.297,2971,2001
