1,0.6875,2614.5,0
2,2.75,2613.75,0
3,4.79688,2597.5,0
4,6.82812,2616.25,0
5,8.85938,2685,0
6,10.9219,2662.5,0
7,12.8906,0,0
8,15.0312,2688.25,0
9,16.9375,2712,0
10,18.9375,2734.25,0
11,20.9688,2786.75,0
12,23.0156,2783.5,0
13,25.1094,2618.25,0
14,27.0781,2887.5,0
15,29.1094,2942.5,0
16,31.1875,0,0
17,33.2188,0,0
18,35.2656,0,0
19,37.2969,0,0
20,39.3281,0,0
21,41.3594,0,0
22,43.3906,0,0
23,45.4219,0,0
24,47.4688,0,0
25,49.5,0,0
26,51.5312,0,0
27,53.5625,0,0
28,55.5938,0,0
29,57.6406,2917.75,0
30,59.6719,2860.5,0
31,61.75,2785,0
32,63.7969,2715,0
33,65.7969,2684.75,0
34,67.8594,2618.75,0
35,69.8906,2574.25,0
36,71.9531,2549.75,0
37,74,2511.25,0
38,76.0156,2490,0
39,78.0938,2471.25,0
40,80.125,2438,0
41,82.1406,2418,0
42,84.2031,2381.25,0
43,86.25,2330.75,0
44,88.1406,0,0
45,90.1719,0,0
46,92.2031,0,0
47,94.2344,0,0
48,96.3594,2400.25,0
49,98.4375,2396.25,0
50,100.453,2411,0
51,102.5,2416.25,0
52,104.5,2422,0
53,106.547,2441.5,0
54,108.562,2473.75,0
55,110.609,2505.75,0
56,112.578,2529.75,0
57,114.625,2556,0
58,116.641,2592.75,0
59,118.656,2653.5,0
60,120.672,2704.5,0
61,122.672,2756.75,0
62,124.719,2824.75,0
63,126.734,2865.25,0
64,128.734,2861.25,0
65,130.812,2836.5,0
66,132.828,2831.25,0
67,134.828,2911.75,0
68,136.969,3025.75,0
69,138.984,3121.25,0
70,141,3251.75,0
71,143.047,3387.5,0
72,145.047,3547.5,0
73,147.062,3713.75,0
74,149.156,0,0
75,151.125,3948.75,0
76,153.219,0,0
77,155.266,0,0
78,157.297,0,0
79,159.328,0,0
80,161.359,0,0
81,163.391,0,0
82,165.422,0,0
83,167.469,0,0
84,169.5,0,0
85,171.578,3355.25,0
86,173.562,0,0
87,175.672,3287.25,0
88,177.688,3319.5,0
89,179.672,0,0
90,181.703,0,0
91,183.734,0,0
92,185.984,3319.5,0
93,187.797,0,0
94,189.828,0,0
95,191.875,0,0
96,193.906,0,0
97,195.938,0,0
98,197.969,0,0
99,200,0,0
100,202.031,0,0
101,204.078,0,0
102,206.109,0,0
103,208.141,0,0
104,210.172,0,0
105,212.203,0,0
106,214.594,3623.75,0
107,216.641,3420.75,0
108,218.719,3217.75,0
109,220.766,3059.5,0
110,222.844,2913,0
111,224.906,2784.75,0
112,226.953,2779.25,0
113,229.031,2779.5,0
114,231.062,2779.5,0
115,233.062,2729.25,0
116,235.125,2636.5,0
117,237.172,2557.75,0
118,239.234,2508,0
119,241.297,2455.5,0
120,243.328,2396.5,0
121,245.359,2341.25,0
122,247.406,2296.5,0
123,249.469,2258.5,0
124,251.531,2234.75,0
125,252.891,0,0
126,254.922,0,0
127,256.953,0,0
128,258.984,0,0
129,261.016,0,0
130,263.062,0,0
131,265.094,0,0
132,267.125,0,0
133,269.906,2067.25,0
134,271.922,2064.5,0
135,274,2066.75,0
136,276.031,2067.75,0
137,278.047,2068.75,0
138,280.094,2087.5,0
139,282.047,2091,0
140,284.078,2104,0
141,286.094,2118,0
142,288.109,2144,0
143,290.125,2172.5,0
144,292.141,2190,0
145,294.156,2216,0
146,296.219,2220,0
147,297.625,0,0
148,299.672,0,0
149,301.703,0,0
150,303.734,0,0
151,305.766,0,0
152,307.797,0,0
153,309.828,0,0
154,311.875,0,0
155,314.172,2760.25,0
156,316.203,2836.5,0
157,318.203,2941,0
158,320.203,3061.75,0
159,322.188,3209.5,0
160,324.203,3349.5,0
161,326.219,3505.25,0
162,328.141,0,0
163,330.172,0,0
164,332.375,3118,0
165,334.234,0,0
166,336.281,0,0
167,338.5,2968.75,0
168,340.531,2887,0
169,342.562,2761.75,0
170,344.578,2711,0
171,346.641,2533.75,0
172,348.656,2618.75,0
173,350.719,2493,0
174,352.891,2617.75,0
175,354.922,2640.5,0
176,356.953,2657.25,0
177,358.656,2596.5,0
1,1.20312,2642.5,100
2,3.1875,2658.75,100
3,5.25,2684.75,100
4,7.29688,2662.25,100
5,9.3125,2711,100
6,11.375,2712.75,100
7,13.4219,2712.75,100
8,15.4375,2734.25,100
9,17.4375,2757,100
10,19.4531,2785,100
11,21.4531,2832.25,100
12,23.5312,2782.25,100
13,25.5781,2640.5,100
14,27.625,0,100
15,29.5938,2942.5,100
16,31.6875,0,100
17,33.7188,0,100
18,35.7656,0,100
19,37.7969,0,100
20,39.8281,0,100
21,41.8594,0,100
22,43.8906,0,100
23,45.9219,0,100
24,47.9688,0,100
25,50,0,100
26,52.0312,0,100
27,54.0625,0,100
28,56.0938,0,100
29,58.0469,2889.5,100
30,60.0469,2812.5,100
31,62.1094,2760.5,100
32,64.1562,2710.5,100
33,66.2188,2661.25,100
34,68.2812,2613.5,100
35,70.3281,2569.5,100
36,72.3906,2530,100
37,74.4219,2492,100
38,76.4688,2486,100
39,78.5,2453.5,100
40,80.5469,2451.5,100
41,82.5781,2398.75,100
42,84.6562,2362.25,100
43,86.6094,0,100
44,88.6406,0,100
45,90.6719,0,100
46,92.7031,0,100
47,94.7656,2435.25,100
48,96.7969,2394.75,100
49,98.8281,2380,100
50,100.891,2395.5,100
51,102.875,2412.5,100
52,104.938,2418.5,100
53,107,2438.25,100
54,109,2470.75,100
55,111.031,2503.25,100
56,113,2527.25,100
57,115.047,2552.75,100
58,117.047,2593.25,100
59,119.109,2623.5,100
60,121.078,2687.75,100
61,123.109,2755.25,100
62,125.141,2825.25,100
63,127.188,2837,100
64,129.203,2828.5,100
65,131.25,2807.5,100
66,133.266,2824.5,100
67,135.266,2910.5,100
68,137.375,3025.5,100
69,139.422,3143.5,100
70,141.422,3254,100
71,143.453,3420.75,100
72,145.484,3546.75,100
73,147.5,3713.75,100
74,149.516,3997.25,100
75,151.562,3805.25,100
76,153.609,3713.75,100
77,155.656,3713.75,100
78,157.797,0,100
79,159.828,0,100
80,161.859,0,100
81,163.891,0,100
82,165.922,0,100
83,167.969,0,100
84,170,0,100
85,172.031,0,100
86,173.984,3319.5,100
87,176.016,3319.5,100
88,178.125,0,100
89,180.094,3284.5,100
90,182.141,3250.25,100
91,184.234,0,100
92,186.266,0,100
93,188.297,0,100
94,190.328,0,100
95,192.375,0,100
96,194.406,0,100
97,196.438,0,100
98,198.578,3355.75,100
99,200.5,0,100
100,202.531,0,100
101,204.578,0,100
102,206.609,0,100
103,208.797,3588,100
104,210.672,0,100
105,212.703,0,100
106,214.891,3590.75,100
107,216.953,3390.5,100
108,219.031,3218.75,100
109,221.109,3085.5,100
110,223.141,2913,100
111,225.203,2805.25,100
112,227.266,2756.25,100
113,229.328,2757,100
114,231.344,2759,100
115,233.328,2734.5,100
116,235.375,2643.25,100
117,237.406,2572.5,100
118,239.469,2510.75,100
119,241.516,2471,100
120,243.578,2412,100
121,245.641,2358.25,100
122,247.641,2300.75,100
123,249.719,2280.25,100
124,251.734,2249.5,100
125,253.391,0,100
126,255.422,0,100
127,257.453,0,100
128,259.484,0,100
129,261.516,0,100
130,263.562,0,100
131,265.594,0,100
132,267.625,0,100
133,270.062,2090.75,100
134,272.094,2089.5,100
135,274.125,2088.25,100
136,276.172,2089,100
137,278.219,2091.25,100
138,280.234,2103.75,100
139,282.172,2117.25,100
140,284.188,2130,100
141,286.25,2136.5,100
142,288.266,2172.25,100
143,290.266,2189,100
144,292.281,2207.25,100
145,294.297,2233.25,100
146,296.344,2235,100
147,298.125,0,100
148,300.172,0,100
149,302.203,0,100
150,304.234,0,100
151,306.266,0,100
152,308.297,0,100
153,310.328,0,100
154,312.328,2734.25,100
155,314.328,2806.5,100
156,316.344,2865,100
157,318.328,2996.25,100
158,320.328,3118.5,100
159,322.359,3224.5,100
160,324.344,3361.5,100
161,326.344,3579.25,100
162,328.484,3356.25,100
163,330.672,0,100
164,332.531,3150.5,100
165,334.562,3120,100
166,336.594,3058.5,100
167,338.625,3059.5,100
168,340.688,2913,100
169,342.75,2807.5,100
170,344.75,2734.25,100
171,346.797,2574.25,100
172,348.844,2662.5,100
173,350.844,2640.5,100
174,353.031,2639.75,100
175,355.062,2685.75,100
176,357.109,2665.75,100
177,359.156,2615.5,100
1,1.14062,2709.5,200
2,3.1875,2711,200
3,5.26562,2689,200
4,7.28125,2663.75,200
5,9.3125,2713.5,200
6,11.3281,2734.25,200
7,13.375,2711.75,200
8,15.4062,2734.25,200
9,17.4531,0,200
10,19.4219,2787.5,200
11,21.4844,2809.5,200
12,23.5,2784.75,200
13,25.5938,0,200
14,27.5625,2916,200
15,29.5781,2942.5,200
16,31.6875,0,200
17,33.7188,0,200
18,35.7656,0,200
19,37.7969,0,200
20,39.8281,0,200
21,41.8594,0,200
22,43.8906,0,200
23,45.9219,0,200
24,47.9688,0,200
25,50,0,200
26,52.0312,0,200
27,54.0625,0,200
28,56.0938,0,200
29,57.9844,2888.75,200
30,60.0469,2833.25,200
31,62.0625,2761,200
32,64.1094,2708.25,200
33,66.1406,2658,200
34,68.2188,2595.5,200
35,70.2344,2569.5,200
36,72.2969,2513.5,200
37,74.2969,2490,200
38,76.375,2471.5,200
39,78.3906,2453.5,200
40,80.4062,2417.25,200
41,82.4375,2397.5,200
42,84.4844,2345.5,200
43,86.6094,0,200
44,88.6406,0,200
45,90.6719,0,200
46,92.7031,0,200
47,94.7344,0,200
48,96.6719,2379.5,200
49,98.6875,2375.5,200
50,100.719,2378,200
51,102.719,2397.5,200
52,104.766,2413.5,200
53,106.766,2420,200
54,108.812,2441.25,200
55,110.844,2474.25,200
56,112.875,2510,200
57,114.859,2535,200
58,116.875,2573.5,200
59,118.922,2616.5,200
60,120.922,2663,200
61,122.922,2716.25,200
62,124.953,2784,200
63,126.984,2828.5,200
64,129,2807.25,200
65,131.031,2783.5,200
66,133.062,2783.5,200
67,135.078,2865,200
68,137.172,2972,200
69,139.203,3091.75,200
70,141.203,3241.25,200
71,143.219,3353,200
72,145.25,3506.5,200
73,147.25,3673,200
74,149.656,0,200
75,151.328,3804.5,200
76,153.359,3713.75,200
77,155.391,3713.75,200
78,157.797,0,200
79,159.828,0,200
80,161.859,0,200
81,163.547,3429.5,200
82,165.922,0,200
83,167.969,0,200
84,170,0,200
85,172.031,0,200
86,174.062,0,200
87,176.094,0,200
88,178.125,0,200
89,179.812,3250.25,200
90,182.203,0,200
91,183.891,3250.25,200
92,186.266,0,200
93,188.297,0,200
94,190.328,0,200
95,192.375,0,200
96,194.406,0,200
97,196.438,0,200
98,198.469,0,200
99,200.5,0,200
100,202.531,0,200
101,204.578,0,200
102,206.609,0,200
103,208.641,0,200
104,210.5,3627.75,200
105,212.531,3713.75,200
106,214.734,0,200
107,216.656,3433.5,200
108,218.688,3283,200
109,220.75,3118.5,200
110,222.812,2967.5,200
111,224.891,2833.75,200
112,226.938,2755.25,200
113,228.984,2754.75,200
114,231,2756.75,200
115,232.969,2775,200
116,235.047,2683.5,200
117,237.094,2596.5,200
118,239.125,2534.75,200
119,241.172,2488.5,200
120,243.219,2422.5,200
121,245.281,2378.25,200
122,247.297,2329,200
123,249.375,2285.25,200
124,251.422,2254.25,200
125,253.391,0,200
126,255.422,0,200
127,257.453,0,200
128,259.484,0,200
129,261.516,0,200
130,263.562,0,200
131,265.594,0,200
132,267.625,0,200
133,269.672,2104.5,200
134,271.766,2094.5,200
135,273.734,2093.25,200
136,275.797,2093.75,200
137,277.812,2104.5,200
138,279.859,2115,200
139,281.844,2127.25,200
140,283.844,2132.75,200
141,285.891,2149.25,200
142,287.891,2175.5,200
143,289.922,2200.75,200
144,291.922,2227.5,200
145,294,2238.75,200
146,295.969,2261.25,200
147,298.125,0,200
148,300.172,0,200
149,302.203,0,200
150,304.234,0,200
151,306.266,0,200
152,308.297,0,200
153,310.328,0,200
154,312.375,0,200
155,313.984,2806.75,200
156,315.984,2865.75,200
157,317.969,2996.25,200
158,319.969,3094.75,200
159,321.984,3224,200
160,323.969,3359.75,200
161,325.984,3514.5,200
162,328.641,0,200
163,330.672,0,200
164,332.203,3120,200
165,334.219,3120,200
166,336.281,3089.25,200
167,338.281,3088.5,200
168,340.359,2915.5,200
169,342.359,2834.25,200
170,344.422,2757.5,200
171,346.469,2593.25,200
172,348.5,2712.75,200
173,350.516,2574.25,200
174,352.734,2712.5,200
175,354.781,2687.75,200
176,356.812,2711.75,200
177,359.156,2661.5,200
1,0.90625,0,300
2,2.95312,2690.25,300
3,5,2691,300
4,7.03125,2733.5,300
5,9.0625,2734.25,300
6,11.125,2756.25,300
7,13.1875,2735.25,300
8,15.2031,2758.75,300
9,17.2031,2759,300
10,19.2188,2809.5,300
11,21.25,2834.5,300
12,23.2656,2808.5,300
13,25.3125,0,300
14,27.3125,2942.5,300
15,29.3438,3058.5,300
16,31.3594,3088.5,300
17,33.4375,0,300
18,35.4844,0,300
19,37.5156,0,300
20,39.5469,0,300
21,41.5781,0,300
22,43.6094,0,300
23,45.6406,0,300
24,47.6875,0,300
25,49.7188,0,300
26,51.75,0,300
27,53.7812,0,300
28,55.8125,0,300
29,57.9531,2866.5,300
30,59.9844,2810.5,300
31,62.0469,2756,300
32,64.0781,2687.75,300
33,66.125,2638,300
34,68.1875,2576.5,300
35,70.2344,2550.75,300
36,72.2969,2495,300
37,74.3125,2488.25,300
38,76.375,2455,300
39,78.4062,2435.5,300
40,80.4688,2399,300
41,82.5,2378.75,300
42,84.5625,2331.5,300
43,86.3281,0,300
44,88.3594,0,300
45,90.3906,0,300
46,92.4219,0,300
47,94.4531,0,300
48,96.7344,2363,300
49,98.8125,2348.25,300
50,100.812,2362.75,300
51,102.859,2378,300
52,104.875,2383.75,300
53,106.938,2415.75,300
54,108.969,2436.5,300
55,110.969,2470.5,300
56,113,2505.5,300
57,115,2531.5,300
58,117.031,2557.5,300
59,119.047,2613.5,300
60,121.094,2677,300
61,123.078,2729,300
62,125.156,2780.25,300
63,127.156,2804,300
64,129.203,2782.25,300
65,131.25,2759.75,300
66,133.266,2764.5,300
67,135.281,2865,300
68,137.391,2990.75,300
69,139.406,3090.75,300
70,141.422,3216.75,300
71,143.469,3354,300
72,145.5,3509.5,300
73,147.5,3708.25,300
74,149.516,3948,300
75,151.594,3758.25,300
76,153.625,3713.75,300
77,155.484,0,300
78,157.516,0,300
79,159.547,0,300
80,161.578,0,300
81,163.609,0,300
82,165.641,0,300
83,167.688,0,300
84,169.719,0,300
85,171.75,0,300
86,173.781,0,300
87,175.812,0,300
88,177.844,0,300
89,179.891,0,300
90,181.922,0,300
91,183.953,0,300
92,185.984,0,300
93,188.016,0,300
94,190.047,0,300
95,192.094,0,300
96,194.125,0,300
97,196.156,0,300
98,198.188,0,300
99,200.219,0,300
100,202.25,0,300
101,204.297,0,300
102,206.328,0,300
103,208.359,0,300
104,210.391,0,300
105,212.422,0,300
106,214.969,3711,300
107,217.047,3433,300
108,219.125,3254.5,300
109,221.172,3117.5,300
110,223.219,2966.25,300
111,225.312,2834.5,300
112,227.391,2738.25,300
113,229.391,2754.5,300
114,231.438,2740.75,300
115,233.391,2758.25,300
116,235.453,2683.25,300
117,237.469,2611.5,300
118,239.562,2549,300
119,241.609,2492.25,300
120,243.641,2437.75,300
121,245.672,2380.25,300
122,247.719,2341,300
123,249.75,2297.5,300
124,251.828,2266.75,300
125,253.109,0,300
126,255.141,0,300
127,257.172,0,300
128,259.203,0,300
129,261.234,0,300
130,263.281,0,300
131,265.312,0,300
132,268.125,2147,300
133,270.156,2116.75,300
134,272.188,2105.25,300
135,274.203,2108.5,300
136,276.219,2117.25,300
137,278.266,2119.75,300
138,280.312,2130.25,300
139,282.266,2135.5,300
140,284.312,2148.75,300
141,286.312,2174,300
142,288.312,2190.25,300
143,290.328,2216,300
144,292.375,2235.5,300
145,294.391,2254,300
146,296.422,2265.75,300
147,297.844,0,300
148,299.891,0,300
149,301.922,0,300
150,303.953,0,300
151,305.984,0,300
152,308.016,0,300
153,310.047,0,300
154,312.375,2758.75,300
155,314.406,2813.25,300
156,316.422,2911.75,300
157,318.406,3026.25,300
158,320.422,3147.5,300
159,322.406,3257.25,300
160,324.422,3423,300
161,326.422,3587.5,300
162,328.531,3388.25,300
163,330.391,0,300
164,332.422,0,300
165,334.453,0,300
166,336.5,0,300
167,338.703,3088.5,300
168,340.75,2965.75,300
169,342.797,2857,300
170,344.859,2808.75,300
171,346.656,0,300
172,348.891,2834.5,300
173,350.938,2712,300
174,353.156,2758.25,300
175,355.203,2712,300
176,356.828,0,300
177,358.875,2687.25,300
1,1.29688,2734.25,400
2,3.375,2711.25,400
3,5.42188,2690.5,400
4,7.42188,2711.75,400
5,9.51562,2757.75,400
6,11.5156,2757.5,400
7,13.5781,2780.25,400
8,15.6094,2757.5,400
9,17.6094,2834.5,400
10,19.6406,2834.5,400
11,21.625,0,400
12,23.6719,0,400
13,25.7031,2942.5,400
14,27.7344,2970.25,400
15,29.7812,3061.75,400
16,31.8281,3089.75,400
17,33.8281,0,400
18,35.875,0,400
19,37.9062,0,400
20,39.9375,0,400
21,41.9688,0,400
22,44,0,400
23,46.0312,0,400
24,48.0781,0,400
25,50.1094,0,400
26,52.1406,0,400
27,54.1719,0,400
28,56.2031,0,400
29,58.3594,2863.25,400
30,60.3906,2803.75,400
31,62.4688,2732.25,400
32,64.5312,2682.5,400
33,66.5938,2597.5,400
34,68.625,2571.5,400
35,70.6875,2530.75,400
36,72.7188,2491.25,400
37,74.7969,2471.5,400
38,76.8281,2437.5,400
39,78.8594,2400.25,400
40,80.9062,2381.25,400
41,82.9531,2360.25,400
42,85,2316,400
43,86.7188,0,400
44,88.75,0,400
45,90.7812,0,400
46,92.8125,0,400
47,94.8438,0,400
48,97.1562,2359,400
49,99.2344,2344,400
50,101.234,2359,400
51,103.297,2361.25,400
52,105.297,2380.5,400
53,107.328,2413,400
54,109.344,2419.75,400
55,111.391,2455,400
56,113.375,2490,400
57,115.422,2512.5,400
58,117.406,2554.5,400
59,119.453,2594.75,400
60,121.484,2641.5,400
61,123.484,2708.25,400
62,125.5,2777.25,400
63,127.531,2782,400
64,129.562,2758.25,400
65,131.594,2736.5,400
66,133.625,2777.25,400
67,135.641,2840.25,400
68,137.766,2964.75,400
69,139.766,3065,400
70,141.812,3188.75,400
71,143.797,3350.75,400
72,145.844,3505.25,400
73,147.859,3635,400
74,149.766,0,400
75,151.922,3713.75,400
76,153.953,3713.75,400
77,156,3670.25,400
78,157.906,0,400
79,159.938,0,400
80,161.969,0,400
81,164,0,400
82,166.031,0,400
83,168.078,0,400
84,170.109,0,400
85,172.141,0,400
86,174.172,0,400
87,176.203,0,400
88,178.234,0,400
89,180.281,0,400
90,182.312,0,400
91,184.344,0,400
92,186.375,0,400
93,188.406,0,400
94,190.438,0,400
95,192.484,0,400
96,194.516,0,400
97,196.547,0,400
98,198.578,0,400
99,200.609,0,400
100,202.641,0,400
101,204.688,0,400
102,207.188,3467,400
103,208.75,0,400
104,210.781,0,400
105,212.812,0,400
106,214.844,0,400
107,217.359,3501.5,400
108,219.422,3288.75,400
109,221.469,3146.5,400
110,223.531,2996.25,400
111,225.594,2861.75,400
112,227.688,2739,400
113,229.719,2738.25,400
114,231.75,2755.25,400
115,233.734,2759,400
116,235.766,2707.5,400
117,237.812,2621.25,400
118,239.844,2557.5,400
119,241.938,2510,400
120,243.969,2469.5,400
121,246.031,2411.75,400
122,248.062,2347,400
123,250.109,2313,400
124,252.156,2267.75,400
125,253.5,0,400
126,255.531,0,400
127,257.562,0,400
128,259.594,0,400
129,261.625,0,400
130,263.672,0,400
131,265.703,0,400
132,268.359,2159.5,400
133,270.438,2131.5,400
134,272.438,2130.75,400
135,274.5,2130.5,400
136,276.516,2131.75,400
137,278.516,2132.75,400
138,280.562,2136,400
139,282.531,2148.5,400
140,284.578,2163,400
141,286.609,2188.5,400
142,288.625,2203,400
143,290.625,2231.5,400
144,292.672,2240.25,400
145,294.672,2265.5,400
146,296.703,2280.75,400
147,298.234,0,400
148,300.281,0,400
149,302.312,0,400
150,304.344,0,400
151,306.375,0,400
152,308.406,0,400
153,310.438,0,400
154,312.656,2759,400
155,314.641,2833.75,400
156,316.641,2914.75,400
157,318.656,3031.75,400
158,320.656,3150.5,400
159,322.641,3283.5,400
160,324.656,3426.5,400
161,326.656,3588,400
162,328.75,3505.75,400
163,330.766,3250.25,400
164,332.812,0,400
165,334.844,0,400
166,336.844,3120,400
167,338.875,3088.75,400
168,340.922,2970.5,400
169,342.938,2942.75,400
170,344.953,2860.5,400
171,347.047,0,400
172,349.031,2834.5,400
173,351.047,2734.5,400
174,353.266,2712,400
175,355.266,2734.25,400
176,357.312,2712.5,400
177,359.266,2734.25,400
1,1.5,2734.25,500
2,3.53125,2734.25,500
3,5.5625,2780,500
4,7.60938,2734.25,500
5,9.67188,2757.75,500
6,11.6875,2759,500
7,13.7344,2808.75,500
8,15.7656,2809.25,500
9,17.7812,2834.5,500
10,19.8281,2834.5,500
11,21.8281,2860.5,500
12,23.875,2711,500
13,25.9062,0,500
14,27.9375,3028.5,500
15,29.9688,0,500
16,32,0,500
17,34.0312,0,500
18,36.0781,0,500
19,38.1094,0,500
20,40.1406,0,500
21,42.1719,0,500
22,44.2031,0,500
23,46.2344,0,500
24,48.2812,0,500
25,50.3125,0,500
26,52.3438,0,500
27,54.375,0,500
28,56.4062,0,500
29,58.4688,2856.75,500
30,60.5156,2780,500
31,62.5781,2709.75,500
32,64.6719,2642,500
33,66.7188,2592.5,500
34,68.8125,2550,500
35,70.8281,2509,500
36,72.875,2472.75,500
37,74.9219,2439.5,500
38,76.9688,2415.75,500
39,79,2393.5,500
40,81.0469,2360.5,500
41,83.125,2318,500
42,85.1406,2299.75,500
43,86.9219,0,500
44,88.9531,0,500
45,90.9844,0,500
46,93.0156,0,500
47,95.2656,2330.75,500
48,97.2969,2316.25,500
49,99.3438,2301.25,500
50,101.359,2314.75,500
51,103.406,2316.75,500
52,105.438,2331.75,500
53,107.484,2362.25,500
54,109.5,2381.5,500
55,111.516,2404,500
56,113.578,2455,500
57,115.609,2488.25,500
58,117.625,2515.25,500
59,119.672,2556.75,500
60,121.703,2599.25,500
61,123.719,2664,500
62,125.75,2732.25,500
63,127.75,2752.5,500
64,129.812,2716.5,500
65,131.875,2709.75,500
66,133.891,2731.5,500
67,135.891,2823.75,500
68,138.047,2911.75,500
69,140.078,3027.75,500
70,142.109,3151,500
71,144.125,3316.25,500
72,146.172,3430,500
73,148.203,3586.75,500
74,149.969,0,500
75,152,0,500
76,154.031,0,500
77,156.375,3626.5,500
78,158.438,3546.75,500
79,160.469,3505.75,500
80,162.172,0,500
81,164.203,0,500
82,166.234,0,500
83,168.281,0,500
84,170.312,0,500
85,172.344,0,500
86,174.375,0,500
87,176.406,0,500
88,178.438,0,500
89,180.484,0,500
90,182.516,0,500
91,184.547,0,500
92,186.578,0,500
93,189.188,3183.75,500
94,190.641,0,500
95,192.688,0,500
96,194.719,0,500
97,196.75,0,500
98,198.781,0,500
99,200.812,0,500
100,202.844,0,500
101,204.891,0,500
102,206.922,0,500
103,208.953,0,500
104,210.984,0,500
105,213.016,0,500
106,215.047,0,500
107,217.844,3543.75,500
108,219.906,3353,500
109,221.984,3209.5,500
110,224.062,3032.75,500
111,226.109,2909.25,500
112,228.203,2803.25,500
113,230.281,2759.75,500
114,232.312,2779.5,500
115,234.25,2764,500
116,236.297,2737.25,500
117,238.344,2680.75,500
118,240.391,2594.25,500
119,242.453,2549.5,500
120,244.531,2492.25,500
121,246.578,2438.25,500
122,248.609,2395.75,500
123,250.656,2346,500
124,252.703,2298.75,500
125,253.703,0,500
126,255.734,0,500
127,257.766,0,500
128,259.797,0,500
129,261.828,0,500
130,263.875,0,500
131,265.906,0,500
132,268.969,2176.5,500
133,271.031,2162.5,500
134,273.047,2161.5,500
135,275.078,2161.25,500
136,277.141,2163,500
137,279.141,2174.25,500
138,281.188,2185.75,500
139,283.188,2189.25,500
140,285.203,2202,500
141,287.234,2227.25,500
142,289.266,2235.5,500
143,291.312,2256.5,500
144,293.344,2281.75,500
145,295.375,2285,500
146,296.406,0,500
147,298.438,0,500
148,300.484,0,500
149,302.516,0,500
150,304.547,0,500
151,306.578,0,500
152,308.609,0,500
153,310.641,0,500
154,313.406,2833,500
155,315.422,2887.5,500
156,317.422,2995.75,500
157,319.422,3093.25,500
158,321.453,3219.75,500
159,323.469,3353.5,500
160,325.453,3507.75,500
161,327.469,3672.25,500
162,329.562,3391.75,500
163,330.984,0,500
164,333.641,3217.75,500
165,335.688,3183.75,500
166,337.719,3090.25,500
167,339.734,3058.5,500
168,341.766,2942.5,500
169,343.844,2888.25,500
170,345.219,0,500
171,347.906,2783.5,500
172,349.953,2612.5,500
173,351.953,2734.25,500
174,354.156,2759.5,500
175,356.234,2758.25,500
176,358.266,2757,500
177,359.469,2711.75,500
1,0.296875,2734.25,600
2,2.35938,2735.25,600
3,4.375,2711.75,600
4,6.42188,2734.25,600
5,8.46875,0,600
6,10.5156,0,600
7,12.5312,2759.5,600
8,14.5781,2809.25,600
9,16.6562,0,600
10,18.6094,2835,600
11,20.625,2860,600
12,22.6562,2834.25,600
13,24.8281,0,600
14,26.7188,2942.5,600
15,28.7656,3060.25,600
16,30.7656,3118,600
17,33.0156,0,600
18,35.0625,0,600
19,37.1094,0,600
20,39.1562,0,600
21,41.2031,0,600
22,43.25,0,600
23,45.2969,0,600
24,47.3281,0,600
25,49.375,0,600
26,51.4219,0,600
27,53.4688,0,600
28,55.5156,0,600
29,57.375,2887,600
30,59.4219,2824,600
31,61.4531,2735,600
32,63.4844,2682.25,600
33,65.5312,2616,600
34,67.6094,2559,600
35,69.625,2529.5,600
36,71.7031,2489.25,600
37,73.7344,2455.5,600
38,75.7969,2416.75,600
39,77.8281,2381.25,600
40,79.875,2349.25,600
41,81.8906,2342,600
42,83.9375,2301.5,600
43,86.0156,2281.5,600
44,88.25,0,600
45,90.2969,0,600
46,92.3281,0,600
47,94.375,0,600
48,96.1719,2301.5,600
49,98.2031,2299.25,600
50,100.266,2286,600
51,102.281,2299.75,600
52,104.312,2314.5,600
53,106.375,2318,600
54,108.406,2331.5,600
55,110.422,2378,600
56,112.438,2400.5,600
57,114.469,2454.25,600
58,116.5,2487,600
59,118.562,2527.75,600
60,120.578,2554,600
61,122.609,2596.5,600
62,124.641,2664,600
63,126.656,2731.5,600
64,128.703,2733,600
65,130.734,2709,600
66,132.781,2687.25,600
67,134.797,2730,600
68,136.922,2808,600
69,138.953,2912.5,600
70,140.953,3029,600
71,142.984,3150.5,600
72,145.016,3287.75,600
73,147.031,3467,600
74,149.609,0,600
75,151.656,0,600
76,153.703,0,600
77,155.75,0,600
78,157.797,0,600
79,159.828,0,600
80,161.328,3467,600
81,163.406,3394.5,600
82,165.438,3355.75,600
83,168.016,0,600
84,170.062,0,600
85,172.109,0,600
86,173.625,3250.25,600
87,175.672,3250.25,600
88,178.25,0,600
89,180.297,0,600
90,182.328,0,600
91,184.375,0,600
92,186.422,0,600
93,188.469,0,600
94,190.516,0,600
95,192.562,0,600
96,194.609,0,600
97,196.656,0,600
98,198.703,0,600
99,200.75,0,600
100,202.797,0,600
101,204.828,0,600
102,206.875,0,600
103,208.922,0,600
104,210.5,3545.5,600
105,213.016,0,600
106,215.062,0,600
107,217.109,0,600
108,218.672,3509.5,600
109,220.75,3350,600
110,222.797,3181.75,600
111,224.875,3033.75,600
112,226.953,2911.25,600
113,229,2803.75,600
114,231.047,2781.25,600
115,233.031,2783.5,600
116,235.062,2785,600
117,237.109,2738.75,600
118,239.172,2682.75,600
119,241.188,2611.5,600
120,243.266,2552.75,600
121,245.328,2505.75,600
122,247.344,2454.25,600
123,249.406,2414,600
124,251.469,2347.5,600
125,253.922,0,600
126,255.969,0,600
127,258.016,0,600
128,260.062,0,600
129,262.109,0,600
130,264.156,0,600
131,266.203,0,600
132,268.25,0,600
133,269.703,2190.5,600
134,271.781,2186.5,600
135,273.828,2178.25,600
136,275.812,2188,600
137,277.875,2197.5,600
138,279.891,2190,600
139,281.859,2202,600
140,283.906,2225.25,600
141,285.922,2230.5,600
142,287.953,2240.5,600
143,289.984,2255.25,600
144,292,2281,600
145,294,2299.5,600
146,296.016,2312,600
147,298.922,0,600
148,300.969,0,600
149,303.016,0,600
150,305.062,0,600
151,307.109,0,600
152,309.156,0,600
153,311.203,0,600
154,312.094,2834.5,600
155,314.078,2861.25,600
156,316.094,2939.75,600
157,318.109,3056,600
158,320.109,3151.5,600
159,322.109,3286.75,600
160,324.141,3424.75,600
161,326.141,3585.5,600
162,328.141,3627.75,600
163,330.25,3354.5,600
164,332.281,3250.25,600
165,334.297,3250.25,600
166,336.328,3120,600
167,339.828,0,600
168,341.875,0,600
169,342.438,2916.5,600
170,344.484,2887.5,600
171,346.516,2642,600
172,350.062,0,600
173,350.578,2736.5,600
174,352.75,2734.25,600
175,354.797,2757.75,600
176,356.844,2757.75,600
1,0,0,700
2,0.890625,2757.5,700
3,2.95312,2757.75,700
4,4.98438,2757,700
5,7.03125,2735.25,700
6,9.03125,2734.25,700
7,11.0625,2784,700
8,13.0938,2784,700
9,15.1406,2808.5,700
10,17.1562,2809.5,700
11,19.1719,2832.5,700
12,21.1719,2835,700
13,24.4062,0,700
14,25.2656,2889.5,700
15,27.2812,2941,700
16,29.2969,2998,700
17,31.2812,3120,700
18,34.5625,0,700
19,36.6094,0,700
20,38.6406,0,700
21,40.6719,0,700
22,42.7031,0,700
23,44.7344,0,700
24,46.7656,0,700
25,48.8125,0,700
26,50.8438,0,700
27,52.875,0,700
28,54.9062,0,700
29,56.9375,0,700
30,57.7969,2858.25,700
31,59.8125,2779.25,700
32,61.8906,2709,700
33,63.9219,2640.75,700
34,65.9375,2591,700
35,67.9688,2536.5,700
36,69.9844,2507.25,700
37,72.0156,2470.25,700
38,74.0625,2420.25,700
39,76.1094,2408.75,700
40,78.1562,2361.25,700
41,80.1719,2329.75,700
42,82.2031,2312.75,700
43,84.2656,2284.75,700
44,86.2656,2250,700
45,89.4844,0,700
46,91.5156,0,700
47,93.5469,0,700
48,94.375,2330.75,700
49,96.4062,2296,700
50,98.4688,2281.25,700
51,100.5,2282,700
52,102.531,2286.25,700
53,104.516,2299.25,700
54,106.547,2313.25,700
55,108.594,2339.75,700
56,110.609,2348.5,700
57,112.641,2395.5,700
58,114.672,2418.75,700
59,116.688,2456.5,700
60,118.703,2491.75,700
61,120.719,2533.75,700
62,122.781,2575.75,700
63,124.781,2625,700
64,126.812,2706,700
65,128.797,2713.25,700
66,130.844,2690.25,700
67,132.875,2682.25,700
68,134.891,2690.25,700
69,137.031,2783,700
70,139.031,2866.5,700
71,141.031,2999,700
72,143.062,3143,700
73,145.062,3254,700
74,147.109,3428.25,700
75,150.5,0,700
76,152.531,0,700
77,154.562,0,700
78,156.609,0,700
79,158.641,0,700
80,160.672,0,700
81,162.703,0,700
82,164.734,0,700
83,166.766,0,700
84,167.5,3352.25,700
85,170.844,0,700
86,172.875,0,700
87,174.906,0,700
88,176.938,0,700
89,177.688,3216.75,700
90,181.016,0,700
91,183.047,0,700
92,185.078,0,700
93,187.109,0,700
94,189.141,0,700
95,191.172,0,700
96,193.219,0,700
97,195.25,0,700
98,197.281,0,700
99,199.312,0,700
100,201.344,0,700
101,203.375,0,700
102,205.422,0,700
103,207.453,0,700
104,209.484,0,700
105,211.516,0,700
106,212.547,3668.25,700
107,215.578,0,700
108,217.625,0,700
109,218.719,3584.25,700
110,220.766,3388.25,700
111,222.844,3218.75,700
112,224.922,3089.25,700
113,226.984,2940.25,700
114,229.047,2834.25,700
115,231.109,2804,700
116,233.062,2806,700
117,235.094,2824.5,700
118,237.156,2783,700
119,239.172,2709.5,700
120,241.25,2638.75,700
121,243.328,2587.25,700
122,245.375,2532.25,700
123,247.406,2487.25,700
124,249.453,2435.5,700
125,251.516,2396.25,700
126,254.234,0,700
127,256.266,0,700
128,258.297,0,700
129,260.328,0,700
130,262.359,0,700
131,264.406,0,700
132,266.438,0,700
133,268.469,0,700
134,269.797,2216,700
135,271.844,2205.5,700
136,273.828,2205.5,700
137,275.875,2204,700
138,277.922,2206.25,700
139,279.938,2225.75,700
140,281.922,2229.5,700
141,283.938,2233.75,700
142,285.938,2242.75,700
143,287.984,2256,700
144,290,2281.25,700
145,291.984,2297.5,700
146,294.047,2326.75,700
147,296.047,2316.5,700
148,298.969,0,700
149,301.016,0,700
150,303.047,0,700
151,305.078,0,700
152,307.109,0,700
153,309.141,0,700
154,311.172,0,700
155,313.219,0,700
156,314.062,2888.25,700
157,316.062,2969.25,700
158,318.031,3088,700
159,320.047,3183.75,700
160,322.047,3292.75,700
161,324.094,3436.5,700
162,326.078,3625,700
163,329.484,0,700
164,330.25,3352.25,700
165,333.547,0,700
166,334.281,3222.5,700
167,336.328,3120,700
168,339.656,0,700
169,340.406,2942.5,700
170,343.719,0,700
171,344.469,2888,700
172,346.5,2785.5,700
173,348.562,2640.5,700
174,350.594,2757.75,700
175,352.766,2734.25,700
176,354.797,2757.5,700
177,356.844,2734.25,700
1,0.953125,2757,801
2,2.95312,2732.75,801
3,5,2735,801
4,7.07812,2733,801
5,9.07812,2734.25,801
6,11.125,2757.5,801
7,13.1562,2759.5,801
8,15.2031,2782.75,801
9,17.2188,2802.5,801
10,19.25,2784.75,801
11,21.25,0,801
12,23.3438,2687,801
13,25.3906,2836.5,801
14,27.3906,2918.5,801
15,29.4062,3000.75,801
16,31.4219,3093.25,801
17,33.4531,0,801
18,35.5,0,801
19,37.5312,0,801
20,39.5625,0,801
21,41.5938,0,801
22,43.625,0,801
23,45.6562,0,801
24,47.7031,0,801
25,49.7344,0,801
26,51.7656,0,801
27,53.7969,0,801
28,55.8281,0,801
29,57.9375,2827.75,801
30,60,2738,801
31,62.0312,2667,801
32,64.0938,2614.5,801
33,66.1719,2568,801
34,68.1719,2510.75,801
35,70.25,2473,801
36,72.25,2422,801
37,74.3125,2398.5,801
38,76.3906,2349.75,801
39,78.4219,2339.5,801
40,80.4219,2311.75,801
41,82.5156,2287.5,801
42,84.5312,2265.75,801
43,86.5938,2235,801
44,88.375,0,801
45,90.4062,0,801
46,92.4375,0,801
47,94.6406,2298.5,801
48,96.6719,2270,801
49,98.7344,2255.5,801
50,100.75,2258,801
51,102.781,2270.25,801
52,104.828,2283,801
53,106.828,2297.25,801
54,108.859,2313.25,801
55,110.891,2330.75,801
56,112.922,2375,801
57,114.938,2399,801
58,116.938,2424.5,801
59,118.969,2486.75,801
60,121,2527.75,801
61,123.031,2558,801
62,125.031,2614.25,801
63,127.047,2684,801
64,129.094,2703.5,801
65,131.109,2683.25,801
66,133.156,2647.25,801
67,135.188,2680.25,801
68,137.312,2759,801
69,139.328,2860.75,801
70,141.344,2969.25,801
71,143.344,3093.25,801
72,145.375,3249.75,801
73,147.406,3390.5,801
74,149.438,3548.75,801
75,151.422,0,801
76,153.453,0,801
77,155.5,0,801
78,157.531,0,801
79,159.562,0,801
80,161.594,0,801
81,163.625,0,801
82,165.656,0,801
83,167.703,0,801
84,169.734,0,801
85,171.766,0,801
86,173.797,0,801
87,175.828,0,801
88,177.859,0,801
89,179.906,0,801
90,181.938,0,801
91,183.969,0,801
92,186.281,3185.25,801
93,188.328,3183.75,801
94,190.062,0,801
95,192.109,0,801
96,194.141,0,801
97,196.172,0,801
98,198.562,3319.5,801
99,200.234,0,801
100,202.266,0,801
101,204.312,0,801
102,206.344,0,801
103,208.375,0,801
104,210.406,0,801
105,212.438,0,801
106,214.469,0,801
107,216.516,0,801
108,219.047,3585.5,801
109,221.125,3420,801
110,223.172,3250.25,801
111,225.219,3093.25,801
112,227.312,2968.25,801
113,229.375,2858.25,801
114,231.422,2829.75,801
115,233.453,2834.5,801
116,235.469,2837,801
117,237.531,2788.25,801
118,239.594,2733,801
119,241.656,2645.75,801
120,243.688,2592.25,801
121,245.766,2550.75,801
122,247.844,2508,801
123,249.875,2469.25,801
124,251.922,2413.25,801
125,253.125,0,801
126,255.156,0,801
127,257.188,0,801
128,259.219,0,801
129,261.25,0,801
130,263.297,0,801
131,265.328,0,801
132,268.172,2264.5,801
133,270.203,2236.75,801
134,272.219,2233.25,801
135,274.266,2232.5,801
136,276.312,2232.5,801
137,278.359,2234.5,801
138,280.375,2237.5,801
139,282.375,2251.5,801
140,284.438,2255,801
141,286.453,2268.75,801
142,288.516,2285,801
143,290.5,2300.25,801
144,292.562,2339.5,801
145,294.578,2348,801
146,296.594,2346,801
147,297.859,0,801
148,299.906,0,801
149,301.938,0,801
150,303.969,0,801
151,306,0,801
152,308.031,0,801
153,310.062,0,801
154,312.688,2887.5,801
155,314.672,2964.5,801
156,316.703,3032.75,801
157,318.719,3148.5,801
158,320.734,3281.75,801
159,322.766,3418.25,801
160,324.75,3578.5,801
161,326.344,0,801
162,328.844,3466.25,801
163,330.875,3256.5,801
164,332.438,0,801
165,334.938,3151,801
166,336.969,3120,801
167,339,3057.5,801
168,341.031,2942.5,801
169,343.094,2915.5,801
170,345.156,2660,801
171,347.172,2834.5,801
172,349.203,2640.5,801
173,351.234,2757,801
174,353.422,2757.75,801
175,355.438,2758.75,801
176,357.484,2734.25,801
177,358.891,2734.25,801
1,1.85938,2710.25,901
2,3.90625,2710.25,901
3,5.9375,2711,901
4,8.01562,2712,901
5,10.0625,2732.25,901
6,12.0625,2735.75,901
7,14.125,2758.25,901
8,16.1719,2785,901
9,18.0938,2810,901
10,20.1094,2837.5,901
11,22.1719,2641.25,901
12,24.1562,2915.25,901
13,26.4062,0,901
14,28.4531,0,901
15,30.5,0,901
16,32.2812,3150,901
17,34.5938,0,901
18,36.6406,0,901
19,38.6875,0,901
20,40.7344,0,901
21,42.7812,0,901
22,44.8281,0,901
23,46.8594,0,901
24,48.9062,0,901
25,50.9531,0,901
26,53,0,901
27,55.0469,0,901
28,56.7969,2785,901
29,58.8281,2690.25,901
30,60.875,2635.5,901
31,62.9375,2573.5,901
32,64.9375,2527.5,901
33,67,2473,901
34,69.0156,2420,901
35,71.0781,2393.25,901
36,73.1406,2343.75,901
37,75.125,2311.25,901
38,77.2188,2285.5,901
39,79.2188,2259,901
40,81.25,2251,901
41,83.3281,2234.25,901
42,85.3438,2200.5,901
43,87.7812,0,901
44,89.8281,0,901
45,91.8594,0,901
46,93.9062,0,901
47,95.4688,2222.25,901
48,97.4844,2207.75,901
49,99.5156,2205,901
50,101.562,2217.25,901
51,103.594,2229.5,901
52,105.625,2236.25,901
53,107.656,2253,901
54,109.641,2277.75,901
55,111.703,2284,901
56,113.719,2313.5,901
57,115.766,2342.5,901
58,117.781,2382,901
59,119.812,2422.75,901
60,121.828,2474.25,901
61,123.828,2528.75,901
62,125.844,2559.5,901
63,127.906,2635.75,901
64,129.922,2642.5,901
65,131.969,2624.5,901
66,133.969,2617,901
67,136.016,2634.75,901
68,138.109,2729.25,901
69,140.141,2811.25,901
70,142.125,2942.5,901
71,144.172,3062.25,901
72,146.203,3215,901
73,148.219,3384.75,901
74,150.25,3545.5,901
75,153.234,0,901
76,155.281,0,901
77,157.328,0,901
78,159.359,0,901
79,161.406,0,901
80,163.453,0,901
81,165.5,0,901
82,167.547,0,901
83,169.594,0,901
84,171.641,0,901
85,173.688,0,901
86,175.734,0,901
87,176.688,3250.25,901
88,179.828,0,901
89,181.859,0,901
90,182.797,3215.75,901
91,185.953,0,901
92,188,0,901
93,190.047,0,901
94,192.094,0,901
95,194.141,0,901
96,196.188,0,901
97,198.234,0,901
98,200.281,0,901
99,202.328,0,901
100,204.359,0,901
101,206.406,0,901
102,208.453,0,901
103,210.5,0,901
104,212.547,0,901
105,214.594,0,901
106,216.641,0,901
107,218.688,0,901
108,219.766,3590,901
109,221.828,3424.25,901
110,223.906,3281.25,901
111,225.969,3143.5,901
112,228.016,3001.25,901
113,230.125,2885.75,901
114,232.141,2884.25,901
115,234.109,2889.25,901
116,236.156,2910.75,901
117,238.219,2833.25,901
118,240.25,2778.5,901
119,242.281,2708,901
120,244.359,2638.75,901
121,246.406,2589.75,901
122,248.469,2536.25,901
123,250.5,2507.25,901
124,252.562,2435.25,901
125,255.5,0,901
126,257.547,0,901
127,259.594,0,901
128,261.641,0,901
129,263.688,0,901
130,265.734,0,901
131,267.781,0,901
132,268.844,2296,901
133,270.906,2280.5,901
134,272.953,2279,901
135,274.969,2280.75,901
136,277,2281.5,901
137,279.047,2282.25,901
138,281.047,2286.25,901
139,283.031,2298.5,901
140,285.047,2312.25,901
141,287.094,2330.5,901
142,289.141,2347.5,901
143,291.141,2393,901
144,293.172,2415.75,901
145,295.234,2421.5,901
146,298.453,0,901
147,300.5,0,901
148,302.547,0,901
149,304.594,0,901
150,306.641,0,901
151,308.688,0,901
152,310.734,0,901
153,312.781,0,901
154,313.344,2998.5,901
155,315.359,3087.5,901
156,317.391,3177.25,901
157,319.422,3288.25,901
158,321.422,3420.75,901
159,323.438,3583,901
160,325.484,3675.5,901
161,327.531,3426.5,901
162,331.188,0,901
163,331.656,3319.5,901
164,333.703,3152.5,901
165,335.75,3090.75,901
166,339.359,0,901
167,339.828,2942.5,901
168,343.453,0,901
169,343.938,2664.5,901
170,345.984,2808.75,901
171,348,2758.25,901
172,350.031,2733.5,901
173,352.062,2756,901
174,354.281,2754.75,901
175,356.312,2713.25,901
176,359.828,2711.75,901
1,0.421875,2709.5,1001
2,2.5,2708.25,1001
3,4.53125,2688.75,1001
4,6.59375,2709,1001
5,8.625,2711.25,1001
6,10.6562,2780,1001
7,12.7031,2734.25,1001
8,14.6719,0,1001
9,16.7188,2804.75,1001
10,18.75,2808.75,1001
11,20.7656,0,1001
12,22.8125,0,1001
13,24.8438,0,1001
14,26.875,2968.75,1001
15,28.9062,0,1001
16,30.9219,3120,1001
17,32.9688,0,1001
18,35.0156,0,1001
19,37.0469,0,1001
20,39.0781,0,1001
21,41.1094,0,1001
22,43.1406,0,1001
23,45.1719,0,1001
24,47.2188,0,1001
25,49.25,0,1001
26,51.2812,0,1001
27,53.3125,0,1001
28,55.3438,0,1001
29,57.6406,2690.5,1001
30,59.6719,2614.25,1001
31,61.7344,2553.75,1001
32,63.7812,2521,1001
33,65.8281,2468,1001
34,67.8281,2412.5,1001
35,69.9062,2360,1001
36,71.9531,2324.75,1001
37,74.0156,2285,1001
38,76.0625,2267,1001
39,78.0938,2250.5,1001
40,80.1562,2230.25,1001
41,82.1719,2205,1001
42,84.2656,2175.75,1001
43,86.3125,2147,1001
44,87.8906,0,1001
45,89.9219,0,1001
46,91.9531,0,1001
47,93.9844,0,1001
48,96.4219,2178.25,1001
49,98.4531,2183.25,1001
50,100.5,2176,1001
51,102.516,2188.25,1001
52,104.531,2192.5,1001
53,106.594,2217.25,1001
54,108.578,2233.25,1001
55,110.609,2251.75,1001
56,112.703,2270.25,1001
57,114.703,2296,1001
58,116.766,2317,1001
59,118.781,2363,1001
60,120.812,2416.25,1001
61,122.828,2470.5,1001
62,124.859,2511,1001
63,126.875,2557.5,1001
64,128.906,2619.5,1001
65,130.969,2617.25,1001
66,133.016,2611,1001
67,135.047,2594.75,1001
68,137.156,2637.75,1001
69,139.172,2732,1001
70,141.234,2834.5,1001
71,143.25,2943.75,1001
72,145.281,3091.25,1001
73,147.312,3226.5,1001
74,149.328,3427.75,1001
75,151.359,3625.75,1001
76,153.406,3756,1001
77,155.016,0,1001
78,157.047,0,1001
79,159.078,0,1001
80,161.109,0,1001
81,163.141,0,1001
82,165.172,0,1001
83,167.219,0,1001
84,169.25,0,1001
85,171.281,0,1001
86,173.312,0,1001
87,175.344,0,1001
88,177.922,3250.25,1001
89,179.422,0,1001
90,181.453,0,1001
91,183.484,0,1001
92,185.516,0,1001
93,187.547,0,1001
94,189.578,0,1001
95,192.281,3250.25,1001
96,193.656,0,1001
97,195.688,0,1001
98,197.719,0,1001
99,199.75,0,1001
100,201.781,0,1001
101,203.828,0,1001
102,205.859,0,1001
103,207.891,0,1001
104,209.922,0,1001
105,211.953,0,1001
106,214.781,3713.75,1001
107,216.031,0,1001
108,218.891,3713,1001
109,220.969,3577.75,1001
110,223.031,3358,1001
111,225.094,3217.25,1001
112,227.172,3090.25,1001
113,229.25,2992.5,1001
114,231.281,2890.5,1001
115,233.234,2913.5,1001
116,235.266,2935.75,1001
117,237.312,2913.5,1001
118,239.359,2833,1001
119,241.422,2742.5,1001
120,243.469,2706.5,1001
121,245.5,2637.75,1001
122,247.578,2604.75,1001
123,249.625,2551.75,1001
124,251.672,2506.75,1001
125,252.641,0,1001
126,254.672,0,1001
127,256.703,0,1001
128,258.734,0,1001
129,260.766,0,1001
130,262.812,0,1001
131,264.844,0,1001
132,266.875,0,1001
133,269.891,2312.75,1001
134,271.938,2311.5,1001
135,273.953,2311.5,1001
136,276.031,2310.75,1001
137,278.062,2310.25,1001
138,280.062,2323.75,1001
139,282.047,2329,1001
140,284.125,2343.75,1001
141,286.109,2363,1001
142,288.141,2393.25,1001
143,290.156,2415.5,1001
144,292.203,2436.25,1001
145,294.25,2471.5,1001
146,296.25,2472.75,1001
147,297.375,0,1001
148,299.422,0,1001
149,301.453,0,1001
150,303.484,0,1001
151,305.516,0,1001
152,307.547,0,1001
153,309.578,0,1001
154,311.625,0,1001
155,314.312,3090.75,1001
156,316.312,3179.75,1001
157,318.328,3284,1001
158,320.344,3419.5,1001
159,322.375,3577.75,1001
160,324.359,3710.25,1001
161,325.859,0,1001
162,328.5,3354,1001
163,330.516,3286.75,1001
164,332.562,3247.5,1001
165,334.594,3181.75,1001
166,336.641,3090.25,1001
167,338.672,2942.5,1001
168,340.734,2888.75,1001
169,342.781,2666.25,1001
170,344.781,2758.75,1001
171,346.812,2734.25,1001
172,348.859,2755.5,1001
173,350.875,2757.5,1001
174,353.125,2736.75,1001
175,355.141,2732.25,1001
176,357.188,2710.5,1001
177,358.406,2710.5,1001
1,1.67188,2711.25,1101
2,3.6875,0,1101
3,5.75,2688.75,1101
4,7.76562,2711.75,1101
5,9.84375,2757,1101
6,11.875,2734.5,1101
7,13.9062,2734.25,1101
8,15.9375,2806.5,1101
9,17.9219,2734.25,1101
10,19.9844,2596.25,1101
11,22,2834.5,1101
12,24.0156,2887.5,1101
13,26.0469,2916,1101
14,28.2344,0,1101
15,30.0781,3120,1101
16,32.125,3151.5,1101
17,34.375,0,1101
18,36.4219,0,1101
19,38.4688,0,1101
20,40.5156,0,1101
21,42.5625,0,1101
22,44.6094,0,1101
23,46.6406,0,1101
24,48.6875,0,1101
25,50.7344,0,1101
26,52.7812,0,1101
27,54.8281,0,1101
28,56.7969,2638.75,1101
29,58.8438,2550.5,1101
30,60.9219,2489.25,1101
31,62.9688,2433,1101
32,65.0469,2376.75,1101
33,67.0938,2328.25,1101
34,69.2031,2282.75,1101
35,71.25,2252.75,1101
36,73.25,2233,1101
37,75.3438,2193,1101
38,77.3906,2175,1101
39,79.4375,2148,1101
40,81.5156,2133.75,1101
41,83.5469,2106,1101
42,85.625,2065.75,1101
43,87.5625,0,1101
44,89.6094,0,1101
45,91.6406,0,1101
46,93.6875,0,1101
47,95.6719,2107.75,1101
48,97.7031,2093.25,1101
49,99.7656,2088,1101
50,101.812,2092.25,1101
51,103.812,2106,1101
52,105.875,2120.75,1101
53,107.875,2144.75,1101
54,109.938,2163.25,1101
55,111.938,2190,1101
56,114.016,2218,1101
57,116.031,2248,1101
58,118.062,2269.5,1101
59,120.109,2309.25,1101
60,122.094,2345.5,1101
61,124.156,2399,1101
62,126.156,2469,1101
63,128.172,2511.75,1101
64,130.219,2560.5,1101
65,132.266,2568.75,1101
66,134.281,2565.5,1101
67,136.359,2538.5,1101
68,138.5,2590,1101
69,140.484,2687,1101
70,142.531,2783.5,1101
71,144.562,2913,1101
72,146.594,3062.25,1101
73,148.609,3216.75,1101
74,150.656,3390,1101
75,152.672,3624.5,1101
76,154.703,3713.75,1101
77,157.109,0,1101
78,159.141,0,1101
79,161.188,0,1101
80,163.234,0,1101
81,165.281,0,1101
82,167.328,0,1101
83,169.375,0,1101
84,171.422,0,1101
85,173.469,0,1101
86,175.516,0,1101
87,177.562,0,1101
88,179.609,0,1101
89,181.641,0,1101
90,183.688,0,1101
91,185.734,0,1101
92,187.781,0,1101
93,189.828,0,1101
94,191.875,0,1101
95,193.922,0,1101
96,195.969,0,1101
97,198.016,0,1101
98,200.062,0,1101
99,202.109,0,1101
100,204.141,0,1101
101,206.188,0,1101
102,208.234,0,1101
103,210.281,0,1101
104,212.328,0,1101
105,214.188,3713.75,1101
106,216.422,0,1101
107,218.469,0,1101
108,220.359,3716.5,1101
109,222.438,3580.5,1101
110,224.516,3418.25,1101
111,226.594,3252.25,1101
112,228.656,3145,1101
113,230.703,3027.25,1101
114,232.656,2969.75,1101
115,234.703,2995.25,1101
116,236.734,3003.5,1101
117,238.812,2968.25,1101
118,240.844,2866.25,1101
119,242.891,2825.75,1101
120,244.969,2741.5,1101
121,247,2708,1101
122,249.047,2658.75,1101
123,251.125,2611,1101
124,253.234,0,1101
125,255.281,0,1101
126,257.328,0,1101
127,259.375,0,1101
128,261.422,0,1101
129,263.469,0,1101
130,265.516,0,1101
131,267.562,0,1101
132,269.406,2415,1101
133,271.469,2410.75,1101
134,273.516,2398.75,1101
135,275.562,2401,1101
136,277.594,2411.5,1101
137,279.641,2414.25,1101
138,281.531,2416,1101
139,283.578,2436.25,1101
140,285.578,2443.5,1101
141,287.625,2471.5,1101
142,289.609,2504,1101
143,291.641,2525.25,1101
144,293.641,2552.5,1101
145,295.688,2568.75,1101
146,298.234,0,1101
147,300.281,0,1101
148,302.328,0,1101
149,304.375,0,1101
150,306.422,0,1101
151,308.469,0,1101
152,310.516,0,1101
153,312.562,0,1101
154,313.75,3181.75,1101
155,315.75,3281.25,1101
156,317.766,3360.75,1101
157,319.766,3509,1101
158,321.781,3630.25,1101
159,323.781,3758.25,1101
160,325.828,3429,1101
161,327.891,3393.25,1101
162,329.953,3319.5,1101
163,331.984,3219.25,1101
164,333.984,3215.75,1101
165,336.047,3061.75,1101
166,338.125,2941,1101
167,341.188,0,1101
168,342.172,2834.5,1101
169,344.25,2640,1101
170,346.25,2784.25,1101
171,348.266,2782.25,1101
172,351.422,0,1101
173,352.297,2735,1101
174,354.484,2734.25,1101
175,356.547,2712,1101
176,359.609,2689.5,1101
1,0.609375,2708,1201
2,2.67188,2687.25,1201
3,4.67188,2710.25,1201
4,6.73438,2688,1201
5,8.75,2711.75,1201
6,10.7969,2711.75,1201
7,12.8281,2734.25,1201
8,14.8906,2735.25,1201
9,16.8125,2734.25,1201
10,18.8906,2593.75,1201
11,20.875,2810,1201
12,22.8906,2835.75,1201
13,24.9062,2916,1201
14,27.0625,0,1201
15,28.9531,3058.5,1201
16,30.9844,3120.75,1201
17,33.1562,0,1201
18,35.2031,0,1201
19,37.2344,0,1201
20,39.2656,0,1201
21,41.2969,0,1201
22,43.3281,0,1201
23,45.3594,0,1201
24,47.4062,0,1201
25,49.4375,0,1201
26,51.4688,0,1201
27,53.5,0,1201
28,55.5312,0,1201
29,57.5625,2518,1201
30,59.625,2471.5,1201
31,61.625,2412.5,1201
32,63.6875,2345.5,1201
33,65.7031,2298.75,1201
34,67.75,2267.25,1201
35,69.8281,2234.5,1201
36,71.8594,2202.25,1201
37,73.875,2174.25,1201
38,75.9219,2144.5,1201
39,77.9531,2118.75,1201
40,79.9688,2102.5,1201
41,82.0469,2079.25,1201
42,84.0625,2061.75,1201
43,86.1406,2027.5,1201
44,88.0781,0,1201
45,90.1094,0,1201
46,92.1406,0,1201
47,94.1875,2066,1201
48,96.2031,2066.25,1201
49,98.2188,2062,1201
50,100.266,2062,1201
51,102.297,2068,1201
52,104.312,2088,1201
53,106.328,2094.5,1201
54,108.328,2120.75,1201
55,110.359,2147,1201
56,112.406,2186.5,1201
57,114.406,2205,1201
58,116.469,2234.5,1201
59,118.469,2268,1201
60,120.469,2299.25,1201
61,122.484,2345.75,1201
62,124.484,2412.5,1201
63,126.547,2472.75,1201
64,128.547,2529.75,1201
65,130.578,2550.75,1201
66,132.609,2532,1201
67,134.625,2528.5,1201
68,136.812,2531,1201
69,138.797,2613.5,1201
70,140.812,2729.25,1201
71,142.844,2836.5,1201
72,144.844,2970.25,1201
73,146.875,3121.75,1201
74,148.875,3317.25,1201
75,150.906,3505.25,1201
76,152.906,3713.75,1201
77,154.969,3635,1201
78,157.234,0,1201
79,159.266,0,1201
80,161.297,0,1201
81,163.328,0,1201
82,165.359,0,1201
83,167.406,0,1201
84,169.438,0,1201
85,171.469,0,1201
86,173.5,0,1201
87,175.531,0,1201
88,177.562,0,1201
89,179.609,0,1201
90,181.641,0,1201
91,183.672,0,1201
92,185.703,0,1201
93,187.734,0,1201
94,189.766,0,1201
95,191.812,0,1201
96,193.766,3317.75,1201
97,195.875,0,1201
98,197.906,0,1201
99,199.938,0,1201
100,201.969,0,1201
101,204.016,0,1201
102,206.047,0,1201
103,208.078,0,1201
104,210.109,0,1201
105,212.141,0,1201
106,214.188,3803.75,1201
107,216.203,3997.25,1201
108,218.25,3848.25,1201
109,220.328,3633.75,1201
110,222.391,3503.25,1201
111,224.453,3349.5,1201
112,226.516,3215,1201
113,228.562,3092.25,1201
114,230.641,3028.5,1201
115,232.641,3053.25,1201
116,234.656,3059.5,1201
117,236.703,3054.75,1201
118,238.781,2946.25,1201
119,240.812,2886.75,1201
120,242.859,2830.25,1201
121,244.922,2778.5,1201
122,246.953,2729.75,1201
123,249.031,2681,1201
124,251.078,2620.5,1201
125,252.828,0,1201
126,254.859,0,1201
127,256.891,0,1201
128,258.922,0,1201
129,260.953,0,1201
130,263,0,1201
131,265.031,0,1201
132,267.062,0,1201
133,269.312,2484.5,1201
134,271.312,2458.25,1201
135,273.375,2471.25,1201
136,275.391,2460.5,1201
137,277.438,2474.5,1201
138,279.438,2490,1201
139,281.453,2494,1201
140,283.438,2511.75,1201
141,285.5,2532.25,1201
142,287.5,2555.5,1201
143,289.516,2589.5,1201
144,291.578,2614.75,1201
145,293.562,2659,1201
146,295.594,2667,1201
147,297.562,0,1201
148,299.609,0,1201
149,301.641,0,1201
150,303.672,0,1201
151,305.703,0,1201
152,307.734,0,1201
153,309.766,0,1201
154,311.812,0,1201
155,313.734,3391.75,1201
156,315.734,3502.25,1201
157,317.75,3628.5,1201
158,319.781,3758.25,1201
159,321.969,0,1201
160,324.016,0,1201
161,325.906,3353.5,1201
162,327.953,3284.5,1201
163,330,3216.75,1201
164,332.078,3121.25,1201
165,334.109,2997.5,1201
166,336.141,2916,1201
167,338.219,2834.5,1201
168,340.25,2640.5,1201
169,342.266,2784.25,1201
170,344.297,2784,1201
171,346.328,2782.75,1201
172,348.359,2759,1201
173,350.375,2756.75,1201
174,352.484,0,1201
175,354.625,2713.25,1201
176,356.656,2734.25,1201
177,358.594,2686.5,1201
1,0.78125,0,1301
2,2.84375,2688.25,1301
3,4.84375,2711.75,1301
4,6.89062,2687.75,1301
5,8.92188,2735.75,1301
6,10.9688,2734.25,1301
7,13.0312,2780.25,1301
8,15.1094,0,1301
9,17.0625,2758.75,1301
10,19.2031,0,1301
11,21.125,2914.75,1301
12,23.1406,2940.75,1301
13,25.3281,0,1301
14,27.375,0,1301
15,29.25,3118.5,1301
16,31.3125,3151,1301
17,33.5156,0,1301
18,35.5625,0,1301
19,37.6094,0,1301
20,39.6562,0,1301
21,41.7031,0,1301
22,43.75,0,1301
23,45.7812,0,1301
24,47.8281,0,1301
25,49.875,0,1301
26,51.9219,0,1301
27,53.9688,0,1301
28,56.0156,0,1301
29,58.0938,2415.75,1301
30,60.1562,2347,1301
31,62.2031,2299.75,1301
32,64.2812,2257.5,1301
33,66.3281,2232,1301
34,68.3906,2191.25,1301
35,70.4219,2172.75,1301
36,72.4688,2133.25,1301
37,74.5469,2105.75,1301
38,76.6094,2080.5,1301
39,78.6562,2066.75,1301
40,80.6875,2059.75,1301
41,82.7344,2039.25,1301
42,84.8281,2015.25,1301
43,86.7031,0,1301
44,88.75,0,1301
45,90.7812,0,1301
46,92.8281,0,1301
47,95.0156,2042.5,1301
48,97.0156,2052,1301
49,99.0938,2040.75,1301
50,101.141,2050.75,1301
51,103.156,2064.5,1301
52,105.203,2079.75,1301
53,107.25,2105.75,1301
54,109.312,2131.5,1301
55,111.328,2161,1301
56,113.406,2190.25,1301
57,115.422,2220,1301
58,117.5,2256,1301
59,119.5,2296.25,1301
60,121.578,2344,1301
61,123.594,2411.25,1301
62,125.625,2472.5,1301
63,127.672,2529.75,1301
64,129.688,2528.25,1301
65,131.766,2523,1301
66,133.812,2521.25,1301
67,135.844,2530.5,1301
68,138,2617.75,1301
69,140.047,2732.75,1301
70,142.094,2858.75,1301
71,144.125,2999,1301
72,146.141,3178.75,1301
73,148.203,3352.25,1301
74,150.234,3509,1301
75,152.281,3674.25,1301
76,154.203,0,1301
77,156.25,0,1301
78,158.281,0,1301
79,160.328,0,1301
80,162.375,0,1301
81,164.422,0,1301
82,166.469,0,1301
83,168.516,0,1301
84,170.562,0,1301
85,172.609,0,1301
86,174.656,0,1301
87,176.703,0,1301
88,178.953,3250.25,1301
89,180.781,0,1301
90,182.828,0,1301
91,184.875,0,1301
92,186.922,0,1301
93,188.969,0,1301
94,191.391,3319.5,1301
95,193.062,0,1301
96,195.109,0,1301
97,197.156,0,1301
98,199.203,0,1301
99,201.25,0,1301
100,203.281,0,1301
101,205.328,0,1301
102,207.375,0,1301
103,209.422,0,1301
104,212.016,3756.75,1301
105,214.047,3946.5,1301
106,215.562,0,1301
107,218.188,3899,1301
108,220.281,3673.5,1301
109,222.344,3576,1301
110,224.453,3387.5,1301
111,226.5,3281.25,1301
112,228.594,3149.5,1301
113,230.672,3111.5,1301
114,232.594,3114.5,1301
115,234.656,3120.75,1301
116,236.703,3094.25,1301
117,238.766,3026.75,1301
118,240.812,2944.25,1301
119,242.922,2888.25,1301
120,244.953,2831,1301
121,247.031,2783,1301
122,249.094,2738.25,1301
123,251.172,2689.75,1301
124,252.375,0,1301
125,254.422,0,1301
126,256.469,0,1301
127,258.516,0,1301
128,260.562,0,1301
129,262.609,0,1301
130,264.656,0,1301
131,266.703,0,1301
132,269.469,2533,1301
133,271.531,2531.75,1301
134,273.578,2535.25,1301
135,275.625,2552,1301
136,277.625,2553.5,1301
137,279.688,2556.75,1301
138,281.672,2573.25,1301
139,283.719,2593.5,1301
140,285.766,2617.25,1301
141,287.766,2655.5,1301
142,289.828,2683.5,1301
143,291.844,2715.5,1301
144,293.875,2742.25,1301
145,295.922,2781.5,1301
146,297.375,0,1301
147,299.422,0,1301
148,301.469,0,1301
149,303.516,0,1301
150,305.562,0,1301
151,307.609,0,1301
152,309.656,0,1301
153,311.703,0,1301
154,314.109,3546.75,1301
155,316.141,3632.25,1301
156,318.156,3798.75,1301
157,319.875,0,1301
158,322.234,3467,1301
159,324.281,3392.75,1301
160,326.312,3319.5,1301
161,328.422,3284,1301
162,330.469,3153.5,1301
163,332.531,3029,1301
164,334.578,2969.25,1301
165,336.25,0,1301
166,338.281,0,1301
167,340.703,2808.5,1301
168,342.75,2808.5,1301
169,344.422,0,1301
170,346.875,2757,1301
171,348.875,2756.75,1301
172,350.922,2734.25,1301
173,353.141,2688.25,1301
174,355.172,2689.75,1301
175,357.203,2685.5,1301
176,358.75,2688.25,1301
1,0,0,1401
2,1.34375,2689,1401
3,3.375,2688.25,1401
4,5.42188,2712,1401
5,7.46875,2711.25,1401
6,9.48438,2734.25,1401
7,11.5469,2758.25,1401
8,13.5938,2710.25,1401
9,15.6406,2734.25,1401
10,17.5938,2779.25,1401
11,19.6562,2809.5,1401
12,21.6719,2887,1401
13,23.6875,2969.75,1401
14,25.7344,3060.75,1401
15,27.75,3120,1401
16,29.7969,3145.5,1401
17,31.8281,3153,1401
18,34.5625,0,1401
19,36.6094,0,1401
20,38.6406,0,1401
21,40.6719,0,1401
22,42.7031,0,1401
23,44.7344,0,1401
24,46.7656,0,1401
25,48.8125,0,1401
26,50.8438,0,1401
27,52.875,0,1401
28,54.9062,0,1401
29,56.9375,0,1401
30,58.625,2363.25,1401
31,60.7031,2302.5,1401
32,62.75,2269,1401
33,64.7656,2247.75,1401
34,66.8125,2213.5,1401
35,68.8906,2174,1401
36,70.9062,2143,1401
37,72.9844,2115,1401
38,75.0156,2089,1401
39,77.0781,2064.75,1401
40,79.125,2050.25,1401
41,81.1562,2038,1401
42,83.2344,2025.5,1401
43,85.2344,2001.25,1401
44,87.4531,0,1401
45,89.4844,0,1401
46,91.5156,0,1401
47,93.5469,0,1401
48,95.3438,2042,1401
49,97.3594,2031,1401
50,99.4219,2038,1401
51,101.438,2049.5,1401
52,103.5,2054.25,1401
53,105.484,2077.5,1401
54,107.562,2093.25,1401
55,109.562,2121.75,1401
56,111.594,2171,1401
57,113.625,2190.25,1401
58,115.688,2220.25,1401
59,117.688,2265.25,1401
60,119.703,2299.5,1401
61,121.734,2346.25,1401
62,123.734,2415,1401
63,125.781,2476,1401
64,127.812,2527.75,1401
65,129.859,2509,1401
66,131.875,2506.25,1401
67,133.922,2491.25,1401
68,135.969,2549,1401
69,138.094,2636.25,1401
70,140.156,2739,1401
71,142.141,2865,1401
72,144.188,3029.5,1401
73,146.203,3184.25,1401
74,148.219,3388.25,1401
75,150.5,0,1401
76,152.531,0,1401
77,154.562,0,1401
78,156.609,0,1401
79,158.641,0,1401
80,160.672,0,1401
81,162.703,0,1401
82,164.734,0,1401
83,166.766,0,1401
84,168.812,0,1401
85,170.844,0,1401
86,172.875,0,1401
87,174.906,0,1401
88,176.938,0,1401
89,178.969,0,1401
90,181.016,0,1401
91,183.047,0,1401
92,185.078,0,1401
93,187.109,0,1401
94,189.141,0,1401
95,191.188,3317.75,1401
96,193.219,0,1401
97,195.25,0,1401
98,197.281,0,1401
99,199.312,0,1401
100,201.344,0,1401
101,203.375,0,1401
102,205.422,0,1401
103,207.453,0,1401
104,209.484,0,1401
105,211.516,0,1401
106,213.547,0,1401
107,215.578,0,1401
108,217.781,3949.5,1401
109,219.844,3715.75,1401
110,221.906,3587.5,1401
111,223.984,3433.5,1401
112,226.047,3293.25,1401
113,228.078,3215.75,1401
114,230.172,3174,1401
115,232.203,3180.25,1401
116,234.125,3190.5,1401
117,236.188,3180.25,1401
118,238.234,3116,1401
119,240.266,3028.25,1401
120,242.328,2942.5,1401
121,244.406,2890,1401
122,246.438,2839,1401
123,248.484,2822.5,1401
124,250.531,2777.25,1401
125,252.203,0,1401
126,254.234,0,1401
127,256.266,0,1401
128,258.297,0,1401
129,260.328,0,1401
130,262.359,0,1401
131,264.406,0,1401
132,266.438,0,1401
133,268.781,2617,1401
134,270.828,2615.5,1401
135,272.891,2614.75,1401
136,274.875,2621.5,1401
137,276.906,2639.5,1401
138,278.938,2659,1401
139,280.906,2680,1401
140,282.906,2706.5,1401
141,284.938,2730.75,1401
142,286.969,2741,1401
143,288.969,2784.75,1401
144,290.969,2832.25,1401
145,293.031,2883.25,1401
146,295.031,2912.5,1401
147,296.938,0,1401
148,298.969,0,1401
149,301.016,0,1401
150,303.047,0,1401
151,305.078,0,1401
152,307.109,0,1401
153,309.141,0,1401
154,311.172,0,1401
155,313.156,3713.75,1401
156,315.156,3947.25,1401
157,317.281,0,1401
158,319.312,0,1401
159,321.312,3428.25,1401
160,323.328,3319.5,1401
161,325.344,3286.75,1401
162,327.391,3181.75,1401
163,329.531,3059,1401
164,331.516,0,1401
165,333.609,2888,1401
166,335.672,2734.25,1401
167,337.688,2833,1401
168,339.656,0,1401
169,341.797,2783,1401
170,343.781,2757.5,1401
171,345.812,2734.25,1401
172,347.859,2734.25,1401
173,349.891,2712.5,1401
174,351.922,2708.75,1401
175,354.156,2688.25,1401
176,356.156,2687.75,1401
177,358.234,2686.5,1401
