1,1.78125,2998.5,0
2,3.875,2916.75,0
3,5.9375,2810.75,0
4,7.96875,2968.75,0
5,9.96875,3033.75,0
6,12.0156,3151,0
7,14.0469,3181.25,0
8,16.1094,3219.25,0
9,18.0938,3254.5,0
10,20.1562,3320.5,0
11,22.1875,3353.5,0
12,24.2031,3426,0
13,26.25,3429,0
14,28.2812,3542.5,0
15,30.3438,3319,0
16,32.4062,3120,0
17,34.7344,0,0
18,36.7812,0,0
19,38.8438,0,0
20,40.9062,0,0
21,42.9531,0,0
22,45.0156,0,0
23,47.0781,0,0
24,49.125,0,0
25,51.1875,0,0
26,53.25,0,0
27,55.2969,0,0
28,57.2656,2028.25,0
29,59.3438,1999.25,0
30,61.4219,1953.75,0
31,63.4531,1917.75,0
32,65.5938,1892,0
33,67.6562,1864.25,0
34,69.75,1841,0
35,71.7969,1819,0
36,73.8594,1797.75,0
37,75.9375,1778.25,0
38,77.9844,1760.5,0
39,80.0469,1758.5,0
40,82.0938,1748.75,0
41,84.1719,1729.75,0
42,86.2031,1702.75,0
43,88.2188,0,0
44,90.2656,0,0
45,92.3281,0,0
46,94.3906,0,0
47,96.375,1778.5,0
48,98.375,1769.25,0
49,100.422,1777,0
50,102.5,1788.25,0
51,104.5,1809.75,0
52,106.547,1823.5,0
53,108.578,1860.25,0
54,110.609,1875.5,0
55,112.641,1905.75,0
56,114.719,1931.25,0
57,116.766,1966.5,0
58,118.766,2014.75,0
59,120.797,2042,0
60,122.828,2094.25,0
61,124.906,2107.75,0
62,126.938,2093.25,0
63,128.953,2092,0
64,131.016,2080.75,0
65,133.078,2093.5,0
66,135.078,2174.5,0
67,137.297,2252.75,0
68,139.312,2343.75,0
69,141.328,2469.25,0
70,143.344,2572.25,0
71,145.375,2710.25,0
72,147.422,2861.25,0
73,149.453,3061.25,0
74,151.984,0,0
75,154.047,0,0
76,155.609,3353.5,0
77,158.156,0,0
78,160.219,0,0
79,162.266,0,0
80,164.328,0,0
81,166.391,0,0
82,168.438,0,0
83,170.5,0,0
84,172.562,0,0
85,174.203,3088.75,0
86,176.219,3088.5,0
87,178.312,3058.5,0
88,180.359,3058.5,0
89,182.844,0,0
90,184.906,0,0
91,186.953,0,0
92,189.016,0,0
93,191.078,0,0
94,193.125,0,0
95,195.188,0,0
96,197.25,0,0
97,199.297,0,0
98,201.359,0,0
99,203.422,0,0
100,205.469,0,0
101,207.531,0,0
102,209.281,3543.75,0
103,211.344,3625.75,0
104,213.422,3709.5,0
105,215.453,3798.75,0
106,217.5,3947.25,0
107,219.875,0,0
108,221.641,3850.5,0
109,223.734,3710.25,0
110,225.812,3582.25,0
111,227.891,3433,0
112,229.953,3348.5,0
113,232.047,3219.75,0
114,234.094,3147,0
115,236.141,3118.5,0
116,238.219,3146.5,0
117,240.25,3175.75,0
118,242.359,3123.25,0
119,244.422,3064.5,0
120,246.484,3003.75,0
121,248.562,2968.25,0
122,250.609,2933.75,0
123,252.781,0,0
124,254.844,0,0
125,256.906,0,0
126,258.953,0,0
127,261.016,0,0
128,263.078,0,0
129,265.125,0,0
130,267.188,0,0
131,269.141,2735.25,0
132,271.188,2732.25,0
133,273.219,2734.25,0
134,275.266,2734.25,0
135,277.344,2736.75,0
136,279.391,2756.75,0
137,281.312,2763.75,0
138,283.359,2785.5,0
139,285.391,2825.75,0
140,287.469,2836.5,0
141,289.469,2883.75,0
142,291.516,2893.5,0
143,293.547,2945.5,0
144,295.609,2996.5,0
145,298.047,0,0
146,300.094,0,0
147,302.156,0,0
148,304.219,0,0
149,306.266,0,0
150,308.328,0,0
151,310.391,0,0
152,312.438,0,0
153,313.828,3713.75,0
154,315.859,3850.5,0
155,317.891,4001.25,0
156,319.922,4108.25,0
157,321.984,3997.25,0
158,324.047,3713.75,0
159,326.094,3673.5,0
160,328.125,3627.75,0
161,330.203,3543.75,0
162,332.312,3393.25,0
163,334.312,3353.5,0
164,336.359,3248.75,0
165,338.438,3058.5,0
166,340.484,3180.75,0
167,342.531,3149.5,0
168,344.562,3152.5,0
169,346.625,3090.25,0
170,348.672,3060.75,0
171,350.719,3032.25,0
172,352.859,3028.25,0
173,354.906,3025,0
174,356.969,2998,0
175,359.766,2997,0
1,1.07812,2994.75,100
2,3.10938,2972.5,100
3,5.17188,2997.5,100
4,7.23438,3030.5,100
5,9.07812,0,100
6,11.3281,3000.75,100
7,13.3594,3088,100
8,15.4219,3116.5,100
9,17.2969,3122.25,100
10,19.3281,3151.5,100
11,21.3438,3218.25,100
12,23.3906,3285.5,100
13,25.4062,3286.75,100
14,27.4688,3352.25,100
15,29.4688,3386.5,100
16,31.5156,3431.25,100
17,33.2188,0,100
18,35.2188,0,100
19,37.2344,0,100
20,39.25,0,100
21,41.2656,0,100
22,43.2656,0,100
23,45.2812,0,100
24,47.2969,0,100
25,49.2969,0,100
26,51.3125,0,100
27,53.3281,0,100
28,55.3438,0,100
29,58.1875,2077.75,100
30,60.2656,2019.75,100
31,62.3125,2000.75,100
32,64.3281,1952,100
33,66.3906,1907.5,100
34,68.4375,1884,100
35,70.5156,1859.75,100
36,72.5312,1823,100
37,74.625,1807,100
38,76.6719,1785.25,100
39,78.6719,1760.5,100
40,80.75,1749,100
41,82.7969,1738.5,100
42,84.8281,1703.75,100
43,85.5,0,100
44,87.5156,0,100
45,89.5312,0,100
46,91.5312,0,100
47,94.8281,1759.25,100
48,96.8594,1732,100
49,98.9219,1729.5,100
50,100.906,1729.75,100
51,102.953,1739,100
52,105,1749,100
53,106.953,1767.25,100
54,109.016,1779,100
55,111.047,1808.25,100
56,112.953,1829,100
57,114.938,1860,100
58,116.938,1883.25,100
59,118.969,1914.75,100
60,120.969,1945,100
61,122.969,1990.5,100
62,124.984,2027.75,100
63,126.969,2077.5,100
64,128.984,2081.25,100
65,131.031,2066.75,100
66,133.062,2064.75,100
67,135.078,2063.25,100
68,137.188,2076.5,100
69,139.156,2159.25,100
70,141.156,2235.75,100
71,143.156,2325.5,100
72,145.125,2424.5,100
73,147.156,2551.75,100
74,149.156,2688.25,100
75,151.125,2860,100
76,153.141,3060.25,100
77,155.125,3284,100
78,155.891,0,100
79,157.906,0,100
80,159.922,0,100
81,161.922,0,100
82,163.938,0,100
83,165.953,0,100
84,167.969,0,100
85,169.969,0,100
86,171.984,0,100
87,174,0,100
88,176,0,100
89,179.25,3088.5,100
90,180.031,0,100
91,182.047,0,100
92,185.328,3088.5,100
93,187.391,3089.25,100
94,189.391,3089.75,100
95,190.078,0,100
96,192.094,0,100
97,194.109,0,100
98,197.453,3183.75,100
99,199.484,3248,100
100,201.484,3253,100
101,203.484,3319.5,100
102,205.516,3354.5,100
103,207.516,3429,100
104,208.188,0,100
105,210.203,0,100
106,212.203,0,100
107,214.219,0,100
108,216.234,0,100
109,218.234,0,100
110,220.25,0,100
111,223.562,3801.5,100
112,225.562,3635.75,100
113,227.625,3544.25,100
114,229.641,3421.75,100
115,231.656,3291.5,100
116,233.578,3215.75,100
117,235.625,3144,100
118,237.641,3122.75,100
119,239.656,3173.5,100
120,241.641,3184.25,100
121,243.672,3142,100
122,245.672,3062.75,100
123,247.688,3003.5,100
124,249.703,2947.25,100
125,251.719,2888,100
126,252.438,0,100
127,254.438,0,100
128,256.453,0,100
129,258.469,0,100
130,260.469,0,100
131,262.484,0,100
132,264.5,0,100
133,266.516,0,100
134,269.734,2739.5,100
135,271.75,2754.75,100
136,273.734,2757.5,100
137,275.734,2761,100
138,277.734,2779.25,100
139,279.75,2785.5,100
140,281.656,2824.75,100
141,283.641,2831.75,100
142,285.625,2860.75,100
143,287.594,2888,100
144,289.578,2936.75,100
145,291.594,2970.5,100
146,293.562,3029,100
147,295.578,3059.75,100
148,296.672,0,100
149,298.688,0,100
150,300.703,0,100
151,302.703,0,100
152,304.719,0,100
153,306.734,0,100
154,308.75,0,100
155,310.75,0,100
156,312.766,0,100
157,315.297,4046.25,100
158,317.281,4159,100
159,319.281,3898.25,100
160,321.281,3713.75,100
161,323.297,3673.5,100
162,325.281,3627.75,100
163,327.281,3507.75,100
164,329.391,3388.75,100
165,330.859,0,100
166,332.875,0,100
167,334.891,0,100
168,337.406,3122.75,100
169,339.391,3150.5,100
170,341.406,3121.75,100
171,343.406,3092.75,100
172,345.422,3064,100
173,347.375,3058.5,100
174,349.375,3058.5,100
175,351.391,3060.75,100
176,353.609,3029.5,100
177,355.641,3026.25,100
178,357.641,3060.75,100
179,359.031,2998.5,100
1,1.67188,3000.75,200
2,3.71875,0,200
3,5.75,0,200
4,7.71875,3029,200
5,9.71875,3115,200
6,11.7188,3118.5,200
7,13.7344,3150,200
8,15.75,3247,200
9,17.6562,3250.75,200
10,19.6562,3288.25,200
11,21.6719,3352.25,200
12,23.6562,3355.25,200
13,25.6875,3391,200
14,27.6875,3427,200
15,29.6875,3217.25,200
16,31.7344,3030,200
17,34.2188,0,200
18,36.2656,0,200
19,38.2969,0,200
20,40.3281,0,200
21,42.3594,0,200
22,44.3906,0,200
23,46.4219,0,200
24,48.4688,0,200
25,50.5,0,200
26,52.5312,0,200
27,54.5625,0,200
28,56.5938,0,200
29,58.2344,1918,200
30,60.2812,1884.5,200
31,62.2656,1851.25,200
32,64.2969,1820.25,200
33,66.4062,1797.75,200
34,68.4219,1768.5,200
35,70.4688,1748.75,200
36,72.4375,1731,200
37,74.5156,1721,200
38,76.5156,1711.5,200
39,78.5625,1695.75,200
40,80.5156,1693.5,200
41,82.5781,1684.25,200
42,84.625,1666.25,200
43,87.1094,0,200
44,89.1406,0,200
45,91.1719,0,200
46,93.2031,0,200
47,95.2344,0,200
48,96.6719,1729.75,200
49,98.6719,1730,200
50,100.641,1738.5,200
51,102.641,1757.5,200
52,104.703,1761.25,200
53,106.703,1798,200
54,108.703,1820.25,200
55,110.656,1851.75,200
56,112.75,1875.75,200
57,114.781,1908.75,200
58,116.766,1955.75,200
59,118.766,2004.25,200
60,120.75,2048.75,200
61,122.781,2062.75,200
62,124.797,2051.5,200
63,126.812,2039.75,200
64,128.859,2038.25,200
65,130.875,2058,200
66,132.828,2120.75,200
67,134.859,2217,200
68,136.953,2297.5,200
69,138.969,2416.25,200
70,140.953,2548.25,200
71,142.969,2668,200
72,144.969,2858.25,200
73,146.969,3059,200
74,148.953,3284,200
75,150.984,3354,200
76,153.016,3319.5,200
77,156.266,0,200
78,158.297,0,200
79,160.328,0,200
80,162.359,0,200
81,164.391,0,200
82,166.422,0,200
83,168.469,0,200
84,170.5,0,200
85,172.531,0,200
86,174.562,0,200
87,176.594,0,200
88,178.625,0,200
89,180.672,0,200
90,181.562,3089.25,200
91,184.734,0,200
92,186.766,0,200
93,188.797,0,200
94,190.828,0,200
95,192.875,0,200
96,194.906,0,200
97,196.938,0,200
98,198.969,0,200
99,201,0,200
100,202.016,3431.25,200
101,204.047,3508.25,200
102,206.078,3625.75,200
103,208.125,3673.5,200
104,210.156,3757.5,200
105,213.203,0,200
106,215.234,0,200
107,216.281,3948.75,200
108,218.328,3757.5,200
109,220.422,3627,200
110,222.453,3504,200
111,224.5,3385.25,200
112,226.562,3284.5,200
113,228.625,3184.75,200
114,230.656,3146,200
115,232.688,3173,200
116,234.719,3187.75,200
117,236.734,3178.25,200
118,238.781,3118.5,200
119,240.859,3060.75,200
120,242.906,3001.5,200
121,244.953,2946.25,200
122,246.984,2934.5,200
123,249.016,2886.75,200
124,251.078,2839,200
125,253.891,0,200
126,255.922,0,200
127,257.953,0,200
128,259.984,0,200
129,262.016,0,200
130,264.062,0,200
131,266.094,0,200
132,268.125,0,200
133,269.5,2782,200
134,271.547,2803.25,200
135,273.578,2806.5,200
136,275.625,2829.25,200
137,277.641,2838.75,200
138,279.719,2882,200
139,281.625,2890.5,200
140,283.656,2939.25,200
141,285.688,2992.5,200
142,287.719,3029.5,200
143,289.75,3068.25,200
144,291.766,3145.5,200
145,293.797,3186.25,200
146,295.797,3249.75,200
147,298.625,0,200
148,300.672,0,200
149,302.703,0,200
150,304.734,0,200
151,306.766,0,200
152,308.797,0,200
153,310.828,0,200
154,312.875,0,200
155,314.906,0,200
156,316.047,3803.75,200
157,318.062,3753.25,200
158,320.109,3669.5,200
159,322.125,3585,200
160,324.188,3470.5,200
161,326.219,3390,200
162,329.141,0,200
163,331.172,0,200
164,332.453,3183.75,200
165,334.5,3184.75,200
166,336.547,3181.25,200
167,338.578,3148.5,200
168,340.609,3119.5,200
169,342.688,3089.25,200
170,344.703,3087.5,200
171,346.75,3033.75,200
172,348.766,3058.5,200
173,350.828,3033.25,200
174,353.016,3061.75,200
175,355.078,3062.25,200
176,357.109,3058,200
177,359.656,3030.5,200
1,1.28125,2834.5,300
2,3.26562,3058,300
3,4.1875,3031.25,300
4,5.3125,3063.25,300
5,7.39062,3120.25,300
6,9.40625,3180.75,300
7,11.4688,3248,300
8,13.5,3253.5,300
9,15.5469,3288.25,300
10,17.5469,3320,300
11,19.5938,3356.75,300
12,21.6406,3391,300
13,23.6719,3507.75,300
14,25.7188,3286.75,300
15,27.8125,3090.25,300
16,29.875,2916,300
17,31.9531,2758.25,300
18,34.1562,0,300
19,36.2031,0,300
20,38.2656,0,300
21,40.3281,0,300
22,42.375,0,300
23,44.4375,0,300
24,46.5,0,300
25,48.5469,0,300
26,50.6094,0,300
27,52.6719,0,300
28,54.7188,0,300
29,56.7812,0,300
30,58.7344,1850.75,300
31,60.8438,1818.5,300
32,62.8906,1787,300
33,65.0312,1758.25,300
34,67.0781,1739.5,300
35,69.1406,1721,300
36,71.2031,1709,300
37,73.2812,1693,300
38,75.2812,1677.5,300
39,77.375,1673.25,300
40,79.3906,1659.25,300
41,81.4688,1656.75,300
42,87.6406,0,300
43,89.6875,0,300
44,91.75,0,300
45,95.5938,1720.25,300
46,97.6875,1718.5,300
47,99.6562,1720.75,300
48,101.766,1739.25,300
49,103.75,1756.5,300
50,105.797,1769.5,300
51,107.797,1808.75,300
52,109.875,1833.25,300
53,111.859,1863.75,300
54,113.859,1903.75,300
55,115.891,1932.25,300
56,117.953,1978,300
57,119.953,2017,300
58,121.953,2030.75,300
59,124.016,2029.5,300
60,126.078,2017.75,300
61,128.094,2018.25,300
62,130.141,2017.75,300
63,132.125,2093.25,300
64,134.125,2177.75,300
65,136.172,2267.75,300
66,138.328,2363.5,300
67,140.359,2492,300
68,142.375,2635.25,300
69,144.406,2802.75,300
70,146.422,2974.5,300
71,148.453,3185.25,300
72,150.438,3386,300
73,151.406,0,300
74,153.469,0,300
75,155.516,0,300
76,158.688,3183.75,300
77,159.641,0,300
78,161.688,0,300
79,163.75,0,300
80,165.812,0,300
81,167.859,0,300
82,169.922,0,300
83,171.984,0,300
84,174.031,0,300
85,176.094,0,300
86,178.156,0,300
87,180.203,0,300
88,182.266,0,300
89,184.328,0,300
90,186.375,0,300
91,188.438,0,300
92,190.5,0,300
93,193.641,3250.25,300
94,194.609,0,300
95,196.672,0,300
96,198.719,0,300
97,201.812,3468.25,300
98,203.859,3545,300
99,205.906,3626.5,300
100,207.984,3674.25,300
101,210.016,3798,300
102,212.047,3948.75,300
103,214.094,3997.25,300
104,215.188,0,300
105,218.219,3849.75,300
106,220.312,3674.25,300
107,222.359,3581,300
108,224.422,3431.25,300
109,226.484,3347.25,300
110,228.562,3247.5,300
111,230.625,3175.75,300
112,232.625,3183.75,300
113,234.641,3216.75,300
114,236.703,3215.75,300
115,238.781,3174,300
116,240.828,3093.25,300
117,242.891,3056.5,300
118,244.938,3000.75,300
119,246.984,2966.25,300
120,249.062,2933.25,300
121,251.125,2884.5,300
122,252.203,0,300
123,254.266,0,300
124,256.328,0,300
125,258.375,0,300
126,260.438,0,300
127,262.5,0,300
128,264.547,0,300
129,266.609,0,300
130,269.516,2804.75,300
131,271.531,2806.5,300
132,273.578,2825.25,300
133,275.656,2834.5,300
134,277.656,2842,300
135,279.719,2885,300
136,281.672,2892.5,300
137,283.688,2940.75,300
138,285.719,2995.25,300
139,287.766,3029,300
140,289.812,3088.75,300
141,291.844,3122.25,300
142,293.844,3183.25,300
143,295.875,3217.75,300
144,297.469,0,300
145,299.516,0,300
146,301.578,0,300
147,303.641,0,300
148,305.688,0,300
149,307.75,0,300
150,309.812,0,300
151,311.859,0,300
152,313.922,0,300
153,316.141,3948,300
154,318.188,3713.75,300
155,320.234,3673.5,300
156,322.266,3587.5,300
157,324.312,3545.5,300
158,326.375,3430,300
159,328.328,0,300
160,330.562,3285.5,300
161,332.594,3215.75,300
162,334.656,3184.75,300
163,336.672,3216.25,300
164,338.734,3181.75,300
165,340.797,3119.5,300
166,342.812,3118.5,300
167,344.891,3089.25,300
168,346.922,3062.25,300
169,348.969,3059.5,300
170,351.031,3032.25,300
171,353.203,3031.5,300
172,355.25,3031.5,300
173,357.344,3028.5,300
174,359.188,3030,300
175,499.5,4875.75,300
1,1.4375,0,400
2,3.5,2942.5,400
3,5.5625,3030,400
4,7.59375,3063.25,400
5,9.65625,3182.75,400
6,11.7031,3249.75,400
7,13.7656,3255,400
8,15.8125,3288.75,400
9,17.7656,3320.5,400
10,19.7969,3390,400
11,21.8438,3394,400
12,23.8906,3544.25,400
13,25.9688,3356.75,400
14,28.0312,3180.25,400
15,30.1094,2998,400
16,32.1875,2834.5,400
17,34.1719,0,400
18,36.2188,0,400
19,38.2656,0,400
20,40.3125,0,400
21,42.3594,0,400
22,44.4062,0,400
23,46.4375,0,400
24,48.4844,0,400
25,50.5312,0,400
26,52.5781,0,400
27,54.625,0,400
28,57.0625,1883.75,400
29,59.1562,1859.5,400
30,61.1719,1819.25,400
31,63.25,1787,400
32,65.3906,1758,400
33,67.4531,1738,400
34,69.4844,1712.75,400
35,71.6094,1701.25,400
36,73.6562,1676.75,400
37,75.7031,1673.25,400
38,77.7969,1657.5,400
39,79.8281,1648.75,400
40,81.875,1648.25,400
41,83.9219,1632,400
42,86.0312,1608,400
43,87.3594,0,400
44,89.4062,0,400
45,91.4375,0,400
46,93.4844,0,400
47,96.0938,1686.75,400
48,98.1406,1684.25,400
49,100.234,1692.75,400
50,102.25,1711.5,400
51,104.328,1723,400
52,106.312,1741.75,400
53,108.375,1762.25,400
54,110.375,1799,400
55,112.469,1823,400
56,114.406,1862.25,400
57,116.391,1903.75,400
58,118.453,1932.5,400
59,120.484,1989.75,400
60,122.469,2020.25,400
61,124.531,2018,400
62,126.547,2017.75,400
63,128.609,2015.75,400
64,130.625,2015.25,400
65,132.672,2040.5,400
66,134.672,2119,400
67,136.812,2205.5,400
68,138.891,2285.75,400
69,140.891,2401.75,400
70,142.891,2548.25,400
71,144.906,2687.75,400
72,146.953,2860.75,400
73,148.969,3061.75,400
74,150.766,0,400
75,152.812,0,400
76,154.859,0,400
77,156.906,0,400
78,158.938,0,400
79,160.984,0,400
80,163.281,3151,400
81,165.328,3150,400
82,167.359,3119.5,400
83,169.172,0,400
84,171.219,0,400
85,173.266,0,400
86,175.312,0,400
87,177.359,0,400
88,179.406,0,400
89,181.438,0,400
90,183.484,0,400
91,185.531,0,400
92,187.578,0,400
93,189.625,0,400
94,191.672,0,400
95,193.719,0,400
96,196.156,3319.5,400
97,197.812,0,400
98,200.281,3393.25,400
99,201.906,0,400
100,204.359,3543.75,400
101,206.406,3624.5,400
102,208.422,3673,400
103,210.484,3756,400
104,212.5,3899,400
105,214.547,3999,400
106,216.594,4156.5,400
107,218.656,3950.25,400
108,220.703,3795.25,400
109,222.781,3629.75,400
110,224.859,3507,400
111,226.922,3419.5,400
112,228.984,3288.25,400
113,231.062,3215,400
114,233.031,3187.25,400
115,235.062,3242.25,400
116,237.109,3253.5,400
117,239.172,3187.75,400
118,241.219,3145.5,400
119,243.281,3089.75,400
120,245.312,3051.5,400
121,247.391,2996.5,400
122,249.422,2943.75,400
123,251.484,2910,400
124,253.031,0,400
125,255.078,0,400
126,257.125,0,400
127,259.172,0,400
128,261.219,0,400
129,263.266,0,400
130,265.312,0,400
131,267.359,0,400
132,269.844,2824,400
133,271.859,2826.5,400
134,273.906,2830.5,400
135,275.969,2835.75,400
136,277.984,2843.25,400
137,280.016,2885,400
138,281.906,2930.75,400
139,283.938,2940.25,400
140,285.984,2973.25,400
141,288.016,3028.5,400
142,290,3063.75,400
143,292.031,3118.5,400
144,294.062,3179.75,400
145,296.094,3185.25,400
146,298.031,0,400
147,300.078,0,400
148,302.125,0,400
149,304.172,0,400
150,306.219,0,400
151,308.266,0,400
152,310.312,0,400
153,312.359,0,400
154,314.406,0,400
155,316.281,3998,400
156,318.297,3713.75,400
157,320.344,3673.5,400
158,322.359,3671,400
159,324.391,3587.5,400
160,326.469,3472.25,400
161,328.547,3388.25,400
162,330.766,0,400
163,332.641,3120,400
164,334.656,3216.25,400
165,336.719,3212.5,400
166,338.734,3182.75,400
167,340.781,3150.5,400
168,342.828,3120.25,400
169,344.844,3117,400
170,346.859,3063.75,400
171,348.922,3061.25,400
172,350.953,3088.75,400
173,353.156,3062.25,400
174,355.156,3088.5,400
175,357.234,3062.75,400
176,359.406,2997.5,400
1,0.5,3062.75,500
2,2.59375,3088.75,500
3,4.64062,3088.75,500
4,6.73438,2834.5,500
5,8.73438,3115.5,500
6,10.7969,3119,500
7,12.8594,3181.25,500
8,14.875,3216.25,500
9,16.8281,3284.5,500
10,18.8281,3319,500
11,20.9062,3352.25,500
12,22.9375,3386.5,500
13,24.9688,3429.5,500
14,27.0156,3473,500
15,29.0781,3470.5,500
16,31.125,3253,500
17,33.0156,0,500
18,35.0625,0,500
19,37.0938,0,500
20,39.125,0,500
21,41.1562,0,500
22,43.1875,0,500
23,45.2188,0,500
24,47.2656,0,500
25,49.2969,0,500
26,51.3281,0,500
27,53.3594,0,500
28,55.3906,0,500
29,58,1941.75,500
30,60.1094,1902.5,500
31,62.125,1861.25,500
32,64.2344,1821.25,500
33,66.25,1796,500
34,68.3438,1758,500
35,70.375,1737.75,500
36,72.4688,1713.5,500
37,74.5312,1694,500
38,76.5781,1677,500
39,78.6406,1660,500
40,80.6719,1655.5,500
41,82.7344,1641.25,500
42,84.75,1615.5,500
43,85.9062,0,500
44,87.9375,0,500
45,89.9688,0,500
46,92,0,500
47,94.9531,1666.75,500
48,96.9844,1657.5,500
49,99,1648.75,500
50,101.078,1655.5,500
51,103.094,1660.25,500
52,105.125,1677,500
53,107.109,1695.5,500
54,109.188,1720.75,500
55,111.188,1739,500
56,113.219,1760,500
57,115.266,1789,500
58,117.234,1821.25,500
59,119.266,1862.25,500
60,121.328,1902.5,500
61,123.344,1931.5,500
62,125.375,1979.5,500
63,127.391,2017.25,500
64,129.438,2014.5,500
65,131.469,2013,500
66,133.5,2003.5,500
67,135.547,2002.5,500
68,137.672,2030,500
69,139.688,2108.5,500
70,141.703,2205.75,500
71,143.719,2299.5,500
72,145.703,2435.25,500
73,147.766,2535.25,500
74,149.766,2709,500
75,151.781,2885.75,500
76,153.781,3090.25,500
77,155.062,0,500
78,157.094,0,500
79,159.125,0,500
80,161.156,0,500
81,163.188,0,500
82,166.031,3182.25,500
83,168.078,3151,500
84,169.297,0,500
85,171.328,0,500
86,173.359,0,500
87,175.391,0,500
88,178.297,3120,500
89,179.469,0,500
90,181.5,0,500
91,184.484,3120,500
92,185.562,0,500
93,188.562,3120,500
94,189.625,0,500
95,192.641,3179.75,500
96,194.703,3185.25,500
97,196.75,3248.75,500
98,198.797,3284.5,500
99,199.797,0,500
100,201.828,0,500
101,203.875,0,500
102,205.906,0,500
103,207.938,0,500
104,209.969,0,500
105,212,0,500
106,214.031,0,500
107,216.078,0,500
108,218.109,0,500
109,220.141,0,500
110,223.25,3949.5,500
111,225.312,3794.5,500
112,227.375,3629,500
113,229.422,3508.25,500
114,231.5,3391,500
115,233.453,3289.5,500
116,235.516,3215,500
117,237.531,3190,500
118,239.562,3244,500
119,241.609,3255,500
120,243.688,3188.75,500
121,245.703,3148,500
122,247.75,3112,500
123,249.781,3055.25,500
124,251.828,2968,500
125,252.688,0,500
126,254.719,0,500
127,256.75,0,500
128,258.781,0,500
129,260.812,0,500
130,262.859,0,500
131,264.891,0,500
132,266.922,0,500
133,270.172,2826,500
134,272.219,2824.75,500
135,274.234,2827.25,500
136,276.25,2829,500
137,278.281,2834.25,500
138,280.328,2840.75,500
139,282.219,2863.75,500
140,284.266,2888.25,500
141,286.266,2935,500
142,288.281,2943.75,500
143,290.328,2996.5,500
144,292.328,3030,500
145,294.359,3064,500
146,296.375,3090.25,500
147,297.422,0,500
148,299.469,0,500
149,301.5,0,500
150,303.531,0,500
151,305.562,0,500
152,307.594,0,500
153,309.625,0,500
154,311.672,0,500
155,314.359,3948.75,500
156,316.375,4094.75,500
157,318.359,4210.5,500
158,319.797,0,500
159,322.438,3757.5,500
160,324.438,3714.5,500
161,326.484,3669.5,500
162,328.625,3627,500
163,330.641,3544.25,500
164,332.688,3466.25,500
165,334.703,3317.75,500
166,336.734,3120,500
167,338.766,3285.5,500
168,340.797,3247.5,500
169,342.812,3217.25,500
170,344.828,3210.5,500
171,346.875,3149,500
172,348.891,3151.5,500
173,350.938,3090.75,500
174,353.125,3117.5,500
175,355.156,3117,500
176,357.203,3116.5,500
177,358.453,3062.75,500
1,1.3125,3089.25,600
2,3.34375,3088.75,600
3,5.34375,3088.5,600
4,7.34375,0,600
5,9.45312,3117,600
6,11.4844,3122.25,600
7,13.5,3181.75,600
8,15.5625,3185.75,600
9,17.4219,3255,600
10,19.4688,3317.75,600
11,21.4531,3386,600
12,23.4688,3419,600
13,25.5,3391.75,600
14,27.5469,3546.75,600
15,29.5781,3469.25,600
16,31.5938,3253,600
17,33.6406,0,600
18,35.6562,0,600
19,37.6875,0,600
20,39.7031,0,600
21,41.7344,0,600
22,43.75,0,600
23,45.7812,0,600
24,47.7969,0,600
25,49.8125,0,600
26,51.8438,0,600
27,53.8594,0,600
28,55.8906,0,600
29,58.2812,1941.5,600
30,60.3281,1894.25,600
31,62.3438,1860.25,600
32,64.4375,1819,600
33,66.4531,1789,600
34,68.5156,1759.25,600
35,70.5781,1737.5,600
36,72.6406,1712,600
37,74.6094,1693.5,600
38,76.6562,1675,600
39,78.75,1659,600
40,80.7812,1654,600
41,82.7656,1640.25,600
42,84.8281,1608.75,600
43,86.2188,0,600
44,88.25,0,600
45,90.2656,0,600
46,92.2969,0,600
47,94.8281,1658.25,600
48,96.8594,1649.25,600
49,98.8906,1648,600
50,100.922,1648.25,600
51,102.969,1658.5,600
52,105,1668,600
53,106.969,1686,600
54,109,1712.75,600
55,111.031,1730.25,600
56,113,1757.5,600
57,115.016,1779,600
58,117.031,1818.75,600
59,119.016,1850.75,600
60,121,1892.5,600
61,123.031,1919.75,600
62,125.031,1967.75,600
63,126.984,2015.25,600
64,129.062,2012.75,600
65,131.031,2002.25,600
66,133.047,1990.75,600
67,135.109,1990.25,600
68,137.25,2018.75,600
69,139.25,2094.25,600
70,141.234,2201.5,600
71,143.281,2284,600
72,145.25,2396,600
73,147.266,2518,600
74,149.266,2681,600
75,151.234,2858,600
76,153.234,3060.75,600
77,154.984,0,600
78,157.016,0,600
79,159.031,0,600
80,161.062,0,600
81,163.078,0,600
82,165.094,0,600
83,167.125,0,600
84,169.141,0,600
85,171.172,0,600
86,173.188,0,600
87,175.219,0,600
88,177.234,0,600
89,179.672,3089.25,600
90,181.281,0,600
91,183.297,0,600
92,185.328,0,600
93,187.344,0,600
94,189.375,0,600
95,191.859,3120,600
96,193.906,3182.75,600
97,195.906,3216.75,600
98,197.938,3253.5,600
99,199.969,3287.25,600
100,201.5,0,600
101,203.531,0,600
102,206.062,3465.75,600
103,208.094,3543,600
104,210.062,3624.5,600
105,211.625,0,600
106,213.641,0,600
107,215.656,0,600
108,217.688,0,600
109,219.703,0,600
110,222.203,3948.75,600
111,224.266,3756,600
112,226.297,3627.75,600
113,228.312,3509,600
114,230.391,3390.5,600
115,232.422,3288.25,600
116,234.422,3215,600
117,236.453,3188.25,600
118,238.453,3219.25,600
119,240.469,3253,600
120,242.531,3189.25,600
121,244.562,3147,600
122,246.578,3091.25,600
123,248.609,3052.25,600
124,250.625,2996.25,600
125,252.062,0,600
126,254.094,0,600
127,256.109,0,600
128,258.141,0,600
129,260.156,0,600
130,262.172,0,600
131,264.203,0,600
132,266.219,0,600
133,268.734,2833.75,600
134,270.734,2827.25,600
135,272.75,2826.5,600
136,274.766,2831.75,600
137,276.812,2836.5,600
138,278.797,2842.25,600
139,280.703,2882.5,600
140,282.688,2891,600
141,284.734,2935.75,600
142,286.703,2968,600
143,288.703,3000.75,600
144,290.719,3054.75,600
145,292.719,3091.75,600
146,294.719,3145,600
147,296.562,0,600
148,298.578,0,600
149,300.609,0,600
150,302.625,0,600
151,304.656,0,600
152,306.672,0,600
153,308.703,0,600
154,310.719,0,600
155,312.734,0,600
156,314.594,4048.75,600
157,316.781,0,600
158,318.609,3997.25,600
159,320.625,3797.25,600
160,322.641,3674.25,600
161,324.641,3671.5,600
162,326.625,3623.25,600
163,328.719,3470,600
164,330.938,0,600
165,332.75,3319.5,600
166,334.984,0,600
167,336.781,3285.5,600
168,338.781,3249.25,600
169,340.766,3215.75,600
170,342.797,3181.25,600
171,344.797,3182.25,600
172,346.828,3121.75,600
173,348.844,3120.25,600
174,350.844,3090.25,600
175,353.031,3117.5,600
176,355.047,3116.5,600
177,357.094,3089.25,600
178,359.266,3089.25,600
1,2,0,700
2,4.07812,3117.5,700
3,6.14062,3118.5,700
4,8.23438,3120.25,700
5,10.2812,3215,700
6,12.3281,3285.5,700
7,14.375,3320.5,700
8,16.4375,3354.5,700
9,18.3594,3391.75,700
10,20.4062,3424.75,700
11,22.4688,3469.25,700
12,24.4844,3622.5,700
13,26.5625,3353.5,700
14,28.6406,3150.5,700
15,30.7031,2942.5,700
16,32.7969,2783.5,700
17,34.7344,0,700
18,36.7812,0,700
19,38.8281,0,700
20,40.875,0,700
21,42.9219,0,700
22,44.9688,0,700
23,47,0,700
24,49.0469,0,700
25,51.0938,0,700
26,53.1406,0,700
27,55.1875,0,700
28,57.6094,1873.25,700
29,59.7031,1832.75,700
30,61.7188,1799.5,700
31,63.8438,1768,700
32,65.8906,1740.25,700
33,67.9844,1722,700
34,70.0469,1701.25,700
35,72.1094,1683.75,700
36,74.1094,1674.25,700
37,76.1875,1657.5,700
38,78.2812,1648.25,700
39,80.3281,1640.25,700
40,82.3281,1632.25,700
41,84.4375,1615.5,700
42,85.875,0,700
43,87.9219,0,700
44,89.9688,0,700
45,92,0,700
46,94.0469,0,700
47,96.6094,1674.5,700
48,98.6875,1666.75,700
49,100.703,1676.75,700
50,102.797,1693.75,700
51,104.844,1711.25,700
52,106.828,1737.5,700
53,108.859,1756.75,700
54,110.906,1787.25,700
55,112.906,1811,700
56,114.953,1850.25,700
57,116.922,1892.25,700
58,118.984,1928.25,700
59,121.016,1976.5,700
60,123.062,1993.75,700
61,125.078,1991.5,700
62,127.125,1977.75,700
63,129.203,1977,700
64,131.188,1975.5,700
65,133.281,2016,700
66,135.281,2079,700
67,137.344,2175,700
68,139.375,2279.75,700
69,141.391,2330.75,700
70,143.375,2511.75,700
71,145.391,2660.5,700
72,147.438,2814,700
73,149.453,3029.5,700
74,151.328,0,700
75,153.5,3319.5,700
76,155.547,3284.5,700
77,157.594,3247,700
78,159.641,3182.75,700
79,161.703,3150.5,700
80,163.734,3120,700
81,165.812,3090.25,700
82,167.688,0,700
83,169.906,3058.5,700
84,171.938,3058.5,700
85,173.828,0,700
86,176.047,3058.5,700
87,177.922,0,700
88,180.125,3058.5,700
89,182,0,700
90,184.047,0,700
91,186.094,0,700
92,188.141,0,700
93,190.188,0,700
94,192.234,0,700
95,194.281,0,700
96,196.328,0,700
97,198.375,0,700
98,200.422,0,700
99,202.469,0,700
100,204.5,0,700
101,206.859,3543.75,700
102,208.906,3626.5,700
103,210.969,3673.5,700
104,212.688,0,700
105,214.734,0,700
106,216.781,0,700
107,219.156,3950.25,700
108,221.219,3798.75,700
109,223.266,3633.75,700
110,225.359,3512.5,700
111,227.406,3423,700
112,229.5,3318.25,700
113,231.531,3220.75,700
114,233.578,3174,700
115,235.609,3183.25,700
116,237.641,3216.25,700
117,239.719,3214.5,700
118,241.766,3148.5,700
119,243.812,3114,700
120,245.875,3054.25,700
121,247.953,3002,700
122,249.984,2967.5,700
123,252.062,2888.25,700
124,253.594,0,700
125,255.641,0,700
126,257.688,0,700
127,259.734,0,700
128,261.781,0,700
129,263.828,0,700
130,265.875,0,700
131,268.391,2835,700
132,270.438,2827.25,700
133,272.453,2830.25,700
134,274.531,2835.75,700
135,276.562,2839.5,700
136,278.578,2863,700
137,280.547,2889.25,700
138,282.562,2932,700
139,284.625,2942.75,700
140,286.609,2994,700
141,288.672,3029.5,700
142,290.703,3065,700
143,292.734,3144,700
144,294.75,3182.25,700
145,296.547,0,700
146,298.594,0,700
147,300.641,0,700
148,302.688,0,700
149,304.734,0,700
150,306.781,0,700
151,308.828,0,700
152,310.875,0,700
153,312.922,0,700
154,314.969,0,700
155,316.891,4048.75,700
156,318.938,3802.25,700
157,320.953,3754.75,700
158,323,3674.25,700
159,325.016,3631.75,700
160,327.062,3544.25,700
161,329.188,3468.25,700
162,331.219,3321.25,700
163,333.281,3120,700
164,335.281,3319,700
165,337.328,3283.5,700
166,339.359,3253,700
167,341.422,3183.25,700
168,343.438,3180.75,700
169,345.484,3151,700
170,347.547,3120.25,700
171,349.547,3150,700
172,351.594,3121.25,700
173,353.859,3118,700
174,355.906,3123.75,700
175,357.953,3116.5,700
176,359.969,3115.5,700
1,0.015625,3091.25,800
2,2.04688,3088.5,800
3,4.09375,0,800
4,6.17188,3063.25,800
5,8.21875,3148,800
6,10.2656,3184.25,800
7,12.3125,3254.5,800
8,14.3594,3322.25,800
9,16.4062,3387.5,800
10,18.2812,3429,800
11,20.3594,3469.25,800
12,22.3594,3467,800
13,24.4062,3630.25,800
14,26.4531,3432.5,800
15,28.5156,3216.75,800
16,30.5781,3058.5,800
17,32.7344,0,800
18,34.7812,0,800
19,36.8281,0,800
20,38.875,0,800
21,40.9219,0,800
22,42.9688,0,800
23,45.0156,0,800
24,47.0469,0,800
25,49.0938,0,800
26,51.1406,0,800
27,53.1875,0,800
28,55.2344,0,800
29,57.4531,1886,800
30,59.5156,1862.25,800
31,61.5625,1822.25,800
32,63.6094,1797,800
33,65.6562,1760.75,800
34,67.7031,1741.25,800
35,69.7969,1721.25,800
36,71.8281,1710,800
37,73.8906,1691.5,800
38,75.9219,1675.75,800
39,77.9688,1666.5,800
40,79.9688,1658,800
41,82.0781,1642,800
42,84.125,1626,800
43,86.1562,1607.75,800
44,87.9688,0,800
45,90.0156,0,800
46,92.0469,0,800
47,94.0938,0,800
48,96.375,1685,800
49,98.375,1677.75,800
50,100.438,1684.75,800
51,102.438,1709.25,800
52,104.469,1721.25,800
53,106.5,1740,800
54,108.547,1760,800
55,110.547,1796.5,800
56,112.625,1820.25,800
57,114.625,1860.75,800
58,116.609,1893.25,800
59,118.641,1930.75,800
60,120.688,1977.25,800
61,122.688,1992,800
62,124.734,1981.25,800
63,126.766,1977.75,800
64,128.812,1974.5,800
65,130.875,1974.5,800
66,132.875,2016.75,800
67,134.891,2078.5,800
68,137.016,2174.75,800
69,139.062,2279.75,800
70,141.031,2363.25,800
71,143.094,2492.25,800
72,145.062,2639.5,800
73,147.109,2808.75,800
74,149.125,2999.75,800
75,151.109,3250.25,800
76,153.156,3319.5,800
77,155.203,3284,800
78,157.25,3216.25,800
79,159.547,0,800
80,161.391,3149.5,800
81,163.438,3090.25,800
82,165.5,3088.75,800
83,167.547,3060.25,800
84,169.781,0,800
85,171.656,3029.5,800
86,173.672,3058.5,800
87,175.922,0,800
88,177.797,3029.5,800
89,180.016,0,800
90,182.047,0,800
91,184.094,0,800
92,186.078,3061.25,800
93,188.125,3088.75,800
94,190.234,0,800
95,192.281,0,800
96,194.328,0,800
97,196.375,0,800
98,198.422,0,800
99,200.469,0,800
100,202.516,0,800
101,204.547,0,800
102,206.594,0,800
103,208.641,0,800
104,210.688,0,800
105,212.703,3752.5,800
106,214.781,0,800
107,216.781,3951,800
108,218.812,4108.25,800
109,220.891,3845.25,800
110,222.953,3673,800
111,225.016,3580.5,800
112,227.078,3432.5,800
113,229.188,3347.75,800
114,231.203,3248.75,800
115,233.203,3175.75,800
116,235.266,3173,800
117,237.297,3186.75,800
118,239.344,3242.25,800
119,241.359,3175.25,800
120,243.438,3117,800
121,245.516,3059.75,800
122,247.562,3004.75,800
123,249.594,2969.25,800
124,251.656,2911.75,800
125,253.641,0,800
126,255.688,0,800
127,257.734,0,800
128,259.781,0,800
129,261.828,0,800
130,263.875,0,800
131,265.922,0,800
132,267.969,0,800
133,270.094,2825.75,800
134,272.156,2827.25,800
135,274.203,2832.5,800
136,276.266,2834.5,800
137,278.281,2843.25,800
138,280.344,2884.5,800
139,282.328,2910.75,800
140,284.312,2939,800
141,286.391,2990.25,800
142,288.422,3004.25,800
143,290.453,3059.75,800
144,292.469,3117,800
145,294.5,3151,800
146,296.547,3183.75,800
147,298.641,0,800
148,300.688,0,800
149,302.734,0,800
150,304.781,0,800
151,306.828,0,800
152,308.875,0,800
153,310.922,0,800
154,312.969,0,800
155,314.688,4159,800
156,316.703,4157.25,800
157,318.734,3946.5,800
158,320.797,3757.5,800
159,322.828,3713.75,800
160,324.875,3629.75,800
161,326.906,3545,800
162,329.031,3468.25,800
163,331.375,0,800
164,333.422,0,800
165,335.141,3316.25,800
166,337.203,3288.25,800
167,339.234,3284.5,800
168,341.25,3222.5,800
169,343.328,3185.25,800
170,345.344,3179.75,800
171,347.375,3120,800
172,349.438,3151,800
173,351.469,3120,800
174,353.688,3119,800
175,355.734,3119.5,800
176,357.812,3093.25,800
1,1.92188,3088.75,900
2,3.98438,2940.25,900
3,6.03125,3088.75,900
4,8.07812,3149,900
5,10.1094,3181.25,900
6,12.1562,3284.5,900
7,14.2031,3319.5,900
8,16.25,3355.75,900
9,18.1094,3391.75,900
10,20.1562,3433,900
11,22.2031,3473.5,900
12,24.2031,3585,900
13,26.25,3581.75,900
14,28.3125,3353,900
15,30.375,3150,900
16,32.5625,0,900
17,34.6094,0,900
18,36.6562,0,900
19,38.7031,0,900
20,40.75,0,900
21,42.7969,0,900
22,44.8438,0,900
23,46.875,0,900
24,48.9219,0,900
25,50.9688,0,900
26,53.0156,0,900
27,55.0625,0,900
28,57.2656,1931.25,900
29,59.3125,1903.25,900
30,61.3906,1862.25,900
31,63.4375,1823,900
32,65.5156,1797.25,900
33,67.5312,1761.25,900
34,69.6094,1749.75,900
35,71.6406,1730.75,900
36,73.7188,1714,900
37,75.75,1700.75,900
38,77.7969,1685.25,900
39,79.8438,1675.5,900
40,81.8594,1667.25,900
41,83.9375,1649.5,900
42,85.9844,1624.25,900
43,87.7969,0,900
44,89.8438,0,900
45,91.875,0,900
46,93.9219,0,900
47,96.1875,1703.5,900
48,98.2344,1700.75,900
49,100.297,1709,900
50,102.281,1714.5,900
51,104.344,1738,900
52,106.406,1749.75,900
53,108.406,1777.25,900
54,110.469,1799.5,900
55,112.484,1823.25,900
56,114.422,1863.75,900
57,116.469,1904,900
58,118.484,1932.25,900
59,120.516,1980.5,900
60,122.562,2003.75,900
61,124.594,1991,900
62,126.656,1977,900
63,128.641,1975.25,900
64,130.719,1965,900
65,132.719,2016.5,900
66,134.734,2079,900
67,136.859,2174.25,900
68,138.875,2264.5,900
69,140.906,2330.75,900
70,142.906,2492,900
71,144.938,2618.25,900
72,146.969,2783,900
73,148.953,2969.75,900
74,150.969,3152.5,900
75,153.25,0,900
76,155.297,0,900
77,157.344,0,900
78,159.375,0,900
79,161.188,3120,900
80,163.219,3120,900
81,165.516,0,900
82,167.562,0,900
83,169.375,3058.5,900
84,171.422,3027.75,900
85,173.484,2999.25,900
86,175.75,0,900
87,177.797,0,900
88,179.844,0,900
89,181.875,0,900
90,183.703,3030,900
91,185.969,0,900
92,187.922,3088.5,900
93,190.062,0,900
94,192.047,3091.25,900
95,194.078,3150.5,900
96,196.141,3183.75,900
97,198.188,3250.25,900
98,200.297,0,900
99,202.344,0,900
100,204.375,0,900
101,206.422,0,900
102,208.469,0,900
103,210.516,0,900
104,212.562,0,900
105,214.609,0,900
106,216.609,3948,900
107,218.656,4097.25,900
108,220.703,3898.25,900
109,222.781,3713,900
110,224.859,3588,900
111,226.922,3497.75,900
112,228.969,3355.25,900
113,231.062,3255.5,900
114,233.031,3181.25,900
115,235.078,3144,900
116,237.094,3177.25,900
117,239.141,3190.5,900
118,241.203,3180.25,900
119,243.266,3118.5,900
120,245.312,3061.75,900
121,247.359,3006.25,900
122,249.406,2991.75,900
123,251.484,2913.75,900
124,253.469,0,900
125,255.516,0,900
126,257.562,0,900
127,259.609,0,900
128,261.656,0,900
129,263.703,0,900
130,265.75,0,900
131,267.797,0,900
132,269.828,2804.75,900
133,271.859,2807.5,900
134,273.891,2825.25,900
135,275.922,2829.75,900
136,277.984,2836.5,900
137,279.984,2863,900
138,282,2887,900
139,284,2932,900
140,286.031,2944.25,900
141,288.062,2996.25,900
142,290.109,3030,900
143,292.125,3068,900
144,294.156,3143.5,900
145,296.203,3151,900
146,298.469,0,900
147,300.516,0,900
148,302.562,0,900
149,304.609,0,900
150,306.656,0,900
151,308.703,0,900
152,310.75,0,900
153,312.797,0,900
154,314.297,4101.5,900
155,316.312,4160.75,900
156,318.359,3997.25,900
157,320.391,3898.25,900
158,322.438,3756,900
159,324.484,3673.5,900
160,326.5,3586.25,900
161,328.641,3546.25,900
162,330.672,3470.5,900
163,332.703,3316.25,900
164,334.766,3150.5,900
165,336.781,3320,900
166,338.828,3286.75,900
167,340.859,3255,900
168,342.891,3216.25,900
169,344.938,3210.5,900
170,346.969,3153.5,900
171,349,3152,900
172,351.062,3122.25,900
173,353.328,3120.25,900
174,355.359,3120.25,900
175,357.422,3121.25,900
176,359.844,3117.5,900
1,1.5,3119.5,1000
2,3.5625,3089.75,1000
3,5.625,3090.75,1000
4,7.65625,3180.75,1000
5,9.6875,3215.75,1000
6,11.7344,3284,1000
7,13.7969,3320,1000
8,15.8281,3355.25,1000
9,17.7656,3428.25,1000
10,19.7969,3468.75,1000
11,21.8281,3509.5,1000
12,23.875,3545.5,1000
13,25.9062,3673.5,1000
14,27.9531,3465.75,1000
15,30.0156,3250.25,1000
16,32.0938,3058.5,1000
17,34.2188,0,1000
18,36.2656,0,1000
19,38.3125,0,1000
20,40.3594,0,1000
21,42.4062,0,1000
22,44.4531,0,1000
23,46.4844,0,1000
24,48.5312,0,1000
25,50.5781,0,1000
26,52.625,0,1000
27,54.6719,0,1000
28,56.9219,1978,1000
29,58.9688,1933,1000
30,61.0156,1903.5,1000
31,63.1094,1864.5,1000
32,65.125,1832.5,1000
33,67.1875,1810.25,1000
34,69.2344,1786,1000
35,71.2812,1758.75,1000
36,73.3281,1741,1000
37,75.375,1723.75,1000
38,77.4375,1713.5,1000
39,79.4531,1703,1000
40,81.5312,1693.25,1000
41,83.5781,1684.25,1000
42,85.625,1650.5,1000
43,87.4062,0,1000
44,89.4531,0,1000
45,91.4844,0,1000
46,93.5312,0,1000
47,95.7969,1722.25,1000
48,97.8438,1721.25,1000
49,99.8906,1721.5,1000
50,101.938,1738.5,1000
51,103.984,1757,1000
52,105.953,1769.75,1000
53,108.031,1797.25,1000
54,110.047,1820,1000
55,112.047,1851.75,1000
56,114.062,1875.5,1000
57,116.094,1909.25,1000
58,118.156,1953.5,1000
59,120.172,2001.25,1000
60,122.156,2014.5,1000
61,124.219,2002,1000
62,126.281,1991,1000
63,128.312,1977.5,1000
64,130.375,1967.5,1000
65,132.406,2028.25,1000
66,134.406,2093.5,1000
67,136.422,2188.25,1000
68,138.562,2280,1000
69,140.562,2346.5,1000
70,142.562,2493,1000
71,144.609,2619,1000
72,146.609,2783.5,1000
73,148.641,2943.75,1000
74,150.656,3152,1000
75,152.688,3285.5,1000
76,154.75,3252.25,1000
77,156.953,0,1000
78,158.859,3150.5,1000
79,161.031,0,1000
80,163.078,0,1000
81,165.125,0,1000
82,167.172,0,1000
83,169.219,0,1000
84,171.266,0,1000
85,173.312,0,1000
86,175.281,2942.5,1000
87,177.328,2998,1000
88,179.375,2998.5,1000
89,181.422,2999,1000
90,183.469,3024.5,1000
91,185.578,0,1000
92,187.625,0,1000
93,189.672,0,1000
94,191.719,0,1000
95,193.766,0,1000
96,195.812,0,1000
97,197.859,0,1000
98,199.969,3284,1000
99,202.031,3319.5,1000
100,204.062,3355.75,1000
101,206.031,0,1000
102,208.078,0,1000
103,210.125,0,1000
104,212.172,0,1000
105,214.219,0,1000
106,216.266,0,1000
107,218.391,3997.25,1000
108,220.438,3903.5,1000
109,222.5,3716.5,1000
110,224.578,3593.25,1000
111,226.656,3501.5,1000
112,228.734,3356.75,1000
113,230.781,3284,1000
114,232.766,3183.25,1000
115,234.797,3120,1000
116,236.859,3147.5,1000
117,238.875,3179.75,1000
118,240.938,3180.25,1000
119,242.984,3119.5,1000
120,245.078,3064,1000
121,247.094,3005.75,1000
122,249.156,2991.25,1000
123,251.203,2933.25,1000
124,253.078,0,1000
125,255.125,0,1000
126,257.172,0,1000
127,259.219,0,1000
128,261.266,0,1000
129,263.312,0,1000
130,265.359,0,1000
131,267.406,0,1000
132,269.656,2785,1000
133,271.656,2784,1000
134,273.719,2803.25,1000
135,275.766,2806.5,1000
136,277.812,2827.25,1000
137,279.859,2834.5,1000
138,281.828,2843.5,1000
139,283.828,2886.75,1000
140,285.859,2935.5,1000
141,287.922,2965.75,1000
142,289.922,2999,1000
143,291.984,3056,1000
144,294.016,3114.5,1000
145,296.078,3120.75,1000
146,298.078,0,1000
147,300.125,0,1000
148,302.172,0,1000
149,304.219,0,1000
150,306.266,0,1000
151,308.312,0,1000
152,310.359,0,1000
153,312.406,0,1000
154,314.203,3997.25,1000
155,316.203,4160,1000
156,318.234,4105.75,1000
157,320.578,0,1000
158,322.328,3755.5,1000
159,324.375,3713.75,1000
160,326.406,3635,1000
161,328.547,3549.25,1000
162,330.562,3471.25,1000
163,332.859,0,1000
164,334.688,3320.5,1000
165,336.688,3316.25,1000
166,338.75,3316.75,1000
167,340.781,3253,1000
168,342.844,3220.75,1000
169,344.875,3212.5,1000
170,346.922,3181.25,1000
171,348.953,3180.25,1000
172,351,3150.5,1000
173,353.234,3148.5,1000
174,355.266,3147.5,1000
175,357.328,3146.5,1000
176,359.453,3119.5,1000
