PID values => kp: 0.15 ki: 0.01 kd: 0.085
Print out format:
yc, zc, alt, CH1, CH3, is_manual?, roll, yaw, area, system time, x
-15.7321,201.839,968,1496,1500,0,-1.03046,129.206,2.12112,0,0.952
-16.3306,200.948,969,1497,1500,0,-0.959329,129.078,2.12132,100,0.952
-17.3191,202.814,969,1496,1500,0,-0.941244,129.035,2.12346,200,0.952
-19.9366,203.218,968,1496,1500,0,-0.973794,128.946,2.12572,300,0.952
-11.7652,208.871,966,1505,1500,0,-1.01603,128.768,2.15037,401,0.952
-23.7666,200.77,967,1486,1500,0,-1.04041,128.29,2.12028,501,0.952
-24.3921,202.314,968,1495,1500,0,-1.17229,127.948,2.12454,601,0.952
-22.0964,207.7,969,1498,1500,0,-1.27001,127.763,2.14078,701,0.952
-18.2,211.098,970,1498,1500,0,-1.23483,128.101,2.14801,801,0.975
-20.5256,207.81,968,1494,1500,0,-1.0869,129.09,2.14359,901,0.975
-21.45,211.78,967,1495,1500,0,-1.18782,130.198,2.15606,1001,0.975
-22.6319,202.459,968,1495,1500,0,-1.61779,131.284,2.12373,1101,0.975
-4.85791,209.082,972,1514,1500,0,-1.43645,131.936,2.13204,1202,0.975
1.22593,215.116,977,1514,1500,0,-1.25208,133.073,2.12516,1302,0.975
12.9232,220.357,983,1511,1500,0,-1.13014,134.352,2.11974,1402,1.058
26.0492,219.606,988,1511,1500,0,-1.77718,135.142,2.10426,1502,1.073
39.7782,223.004,992,1517,1500,0,-2.36017,135.377,2.10345,1602,1.091
77.8245,221.008,997,1543,1500,0,-5.04821,134.245,2.0915,1702,1.105
96.113,221.893,1000,1529,1500,0,-7.21319,133.029,2.0849,1802,1.176
117.996,217.967,1002,1536,1500,0,-7.62926,131.551,2.07996,1902,1.199
139.8,209.479,1005,1539,1500,0,-5.41769,130.543,2.06819,2002,1.199
164.421,212.815,1010,1546,1500,0,-2.18585,129.4,2.09221,2102,1.204
163.387,224.268,1010,1546,1500,0,0.870911,129.148,2.11168,2202,1.209
155.982,230.38,1011,1517,1500,0,2.55638,129.023,2.09992,2302,1.227
157.967,246.184,1014,1526,1500,0,3.77135,129.503,2.10568,2402,1.251
160.204,249.925,1012,1526,1500,0,4.27614,130.561,2.10235,2502,1.251
167.502,252.99,1014,1532,1500,0,4.62988,131.832,2.10179,2602,1.265
192.733,250.444,1008,1551,1500,0,4.34773,133.743,2.09422,2702,1.27
207.262,251.213,1011,1545,1500,0,3.17897,134.992,2.08758,2802,1.27
225.91,252.062,1010,1551,1500,0,1.67186,135.448,2.08467,2902,1.274
246.443,245.211,1009,1556,1500,0,-0.591014,135.256,2.07497,3002,1.312
292.165,234.656,1007,1585,1500,0,-2.99954,134.813,2.06214,3102,1.316
315.136,224.787,996,1585,1500,0,-5.48609,134.407,2.07183,3202,1.335
331.592,211.975,981,1569,1500,0,-7.42308,134.579,2.08162,3302,1.344
343.248,195.222,949,1564,1500,0,-8.95789,135.621,2.1096,3402,1.344
335.197,190.866,943,1565,1500,0,-9.89935,136.39,2.14035,3502,1.344
317.787,181.656,965,1536,1500,0,-10.5302,136.855,2.13466,3602,1.344
298.386,185.981,948,1532,1500,0,-11.6089,136.828,2.13705,3702,1.344
250.702,182.266,955,1501,1500,0,-11.3616,136.243,2.13993,3802,1.344
222.859,187.101,980,1514,1500,0,-10.1468,135.414,2.14099,3902,1.363
189.017,195.387,986,1504,1500,0,-9.28868,135.758,2.1359,4002,1.4
152.018,205.87,995,1504,1500,0,-9.10759,136.862,2.13115,4102,1.4
119.415,212.825,997,1496,1500,0,-9.81438,138.728,2.11696,4202,1.4
68.0675,225.03,1003,1471,1500,0,-8.92519,139.915,2.10171,4302,1.405
49.81,230.719,1008,1497,1500,0,-8.06754,140.965,2.11246,4402,1.405
30.7266,236.155,1003,1493,1500,0,-8.25359,141.558,2.11688,4502,1.405
-9.84785,239.914,997,1469,1500,0,-7.90733,141.378,2.12395,4602,1.405
-33.5775,237.417,994,1480,1500,0,-7.56327,140.939,2.12354,4702,1.405
-56.4708,232.266,987,1477,1500,0,-8.23751,140.188,2.13528,4802,1.405
-108.865,227.386,970,1477,1500,0,-7.98793,139.67,2.1343,4902,1.405
-137.818,223.302,961,1444,1500,0,-6.74576,138.786,2.13843,5002,1.461
-198.709,226.26,946,1423,1500,0,-5.35535,138.228,2.17353,5103,1.466
-229.617,216.882,943,1444,1500,0,-4.67455,138.398,2.17152,5203,1.471
-254.627,210.14,939,1443,1500,0,-3.53947,138.671,2.17332,5304,1.485
-281.375,204.837,933,1439,1500,0,-2.48704,139.81,2.17401,5404,1.485
-322.103,199.183,926,1439,1500,0,0.190161,140.1,2.16527,5504,1.513
-340.151,193.099,926,1420,1500,0,2.11345,140.491,2.16184,5604,1.536
-347.141,172.739,925,1445,1500,0,4.77934,141.346,2.1396,5704,1.602
-363.279,160.389,926,1444,1500,0,6.32801,141.708,2.11517,5804,1.654
-365.984,158.29,924,1434,1500,0,6.77365,142.308,2.10928,5904,1.658
-367.44,164.926,934,1445,1500,0,7.11221,143.228,2.12006,6004,1.658
-369.024,175.851,944,1445,1500,0,6.42989,143.374,2.11452,6104,1.658
-355.263,197.354,961,1444,1500,0,5.98719,143.199,2.12193,6204,1.658
-352.208,215.164,982,1450,1500,0,6.546,142.537,2.1312,6304,1.649
-340.029,227.599,988,1460,1500,0,6.76672,142.13,2.13208,6404,1.649
-331.668,233.865,1002,1457,1500,0,6.86766,141.52,2.12702,6504,1.654
-321.846,235.09,1007,1460,1500,0,6.62178,139.862,2.10349,6605,1.654
-320.325,265.056,1027,1453,1500,0,5.26155,138.925,2.12292,6705,1.654
-320.993,285.44,1040,1452,1500,0,4.90423,138.109,2.14595,6805,1.654
-307.637,297.975,1050,1464,1500,0,4.31081,137.606,2.16032,6905,1.663
-292.25,308.63,1069,1468,1500,0,3.79437,137.016,2.13697,7005,1.677
-287.372,318.101,1073,1467,1500,0,3.5725,137.141,2.15115,7106,1.663
-276.399,320.057,1078,1466,1500,0,3.44006,137.598,2.13361,7206,1.668
-263.542,321.141,1080,1469,1500,0,3.27081,138.574,2.12305,7306,1.696
-235.923,322.602,1082,1469,1500,0,3.87682,139.953,2.11866,7406,1.696
-219.961,326.467,1079,1478,1500,0,3.88784,141.239,2.12699,7506,1.709
-200.99,319.952,1078,1483,1500,0,5.32366,142.129,2.11582,7606,1.714
-161.965,317.105,1071,1483,1500,0,5.78731,142.026,2.11788,7706,1.714
-147.25,316.975,1075,1505,1500,0,5.98036,141.228,2.10408,7806,1.723
-112.313,324.109,1080,1509,1500,0,6.57221,140.389,2.10538,7906,1.751
-91.7721,330.674,1077,1509,1500,0,6.54017,139.29,2.09324,8006,1.751
-69.5161,333.188,1084,1505,1500,0,6.38388,138.52,2.08069,8106,1.765
-43.7139,339.204,1088,1505,1500,0,6.20393,137.411,2.07797,8206,1.794
13.8114,348.305,1090,1547,1500,0,3.6991,136.582,2.08307,8306,1.803
44.7099,350.344,1093,1529,1500,0,0.896168,135.717,2.07968,8406,1.803
85.073,352.964,1098,1529,1500,0,-0.522268,135.01,2.07918,8506,1.808
150.322,323.795,1087,1574,1500,0,-1.13818,135.08,2.04336,8606,1.812
177.646,314.321,1082,1575,1500,0,-2.23768,136.693,2.03733,8706,1.812
209.505,316.303,1079,1547,1500,0,-4.20937,138.022,2.06694,8807,1.873
249.031,295.341,1068,1568,1500,0,-6.57225,137.377,2.03871,8907,1.883
274.349,288.283,1057,1560,1500,0,-8.87296,136.259,2.0408,9007,1.916
314.868,271.945,1008,1560,1500,0,-11.4796,135.124,2.0506,9107,1.925
336.722,262.526,973,1567,1500,0,-12.547,134.708,2.07906,9207,1.958
348.037,257.265,987,1560,1500,0,-12.5351,135.077,2.10077,9308,1.958
355.784,256.477,969,1560,1500,0,-11.7107,135.395,2.1277,9408,1.972
332.848,258.897,981,1529,1500,0,-12.1889,136.373,2.14331,9508,2.019
309.452,255.283,1000,1526,1500,0,-11.336,136.86,2.11958,9608,2.028
292.157,253.447,1011,1529,1500,0,-10.2499,137.45,2.11103,9708,2.033
241.106,258.864,1025,1529,1500,0,-10.9684,138.427,2.11133,9808,2.056
216.05,258.318,1028,1511,1500,0,-11.1348,139.491,2.09128,9908,2.066
170.251,258.207,1032,1487,1500,0,-11.479,140.585,2.0894,10008,2.066
145.321,257.184,1033,1487,1500,0,-11.4821,141.81,2.08385,10108,2.066
124.368,265.431,1034,1501,1500,0,-11.0728,142.493,2.10788,10208,2.066
93.2909,261.763,1034,1488,1500,0,-10.6307,143.232,2.09505,10308,2.066
64.5355,262.601,1032,1486,1500,0,-9.67199,144.15,2.09127,10408,2.107
9.56602,271.668,1027,1486,1500,0,-8.02491,144.572,2.11617,10508,2.112
-25.2146,268.215,1025,1455,1500,0,-6.54878,144.567,2.10243,10608,2.112
-83.4195,275.895,1020,1439,1500,0,-4.24092,143.949,2.11533,10708,2.178
-106.351,279.481,1019,1465,1500,0,-2.56715,143.36,2.12654,10808,2.178
-133.266,282.101,1024,1465,1500,0,-0.1479,143.395,2.1212,10908,2.178
-172.823,285.494,1028,1441,1500,0,1.7462,144.207,2.14403,11008,2.178
-192.707,282.107,1032,1454,1500,0,2.1445,145.251,2.14499,11108,2.182
-203.76,281.299,1036,1454,1500,0,4.23952,146.546,2.14148,11208,2.182
-207.61,281.552,1037,1460,1500,0,4.91553,148.549,2.13936,11308,2.182
-213.015,278.475,1041,1463,1500,0,6.13386,148.853,2.14395,11408,2.182
-206.729,278.206,1038,1474,1500,0,6.68787,149.399,2.14938,11508,2.182
-198.954,275.923,1048,1476,1500,0,7.52001,149.243,2.14204,11608,2.253
-171.684,286.214,1054,1476,1500,0,7.71788,148.619,2.14082,11708,2.262
-159.445,301.317,1046,1485,1500,0,7.42973,147.425,2.19676,11808,2.262
-122.056,302.172,1026,1512,1500,0,7.77617,145.834,2.16987,11908,2.281
-102.239,297.936,1018,1512,1500,0,8.30779,144.385,2.16014,12008,2.29
-89.6056,296.419,1017,1500,1500,0,9.12239,143.258,2.16879,12108,2.318
-68.0168,291.428,1014,1506,1500,0,8.40619,141.639,2.17219,12208,2.323
-54.4401,291.261,1001,1502,1500,0,7.99336,140.044,2.15974,12308,2.351
-16.5627,291.002,990,1502,1500,0,7.62522,138.67,2.16014,12408,2.356
5.55137,290.557,1001,1528,1500,0,6.66724,138.387,2.15862,12509,2.356
30.0654,292.691,1009,1524,1500,0,6.55963,137.887,2.16073,12609,2.365
59.6681,276.767,1004,1532,1500,0,5.30669,138.219,2.10847,12709,2.375
84.8198,286.178,1026,1532,1500,0,4.37555,138.157,2.1397,12809,2.384
135.436,284.123,1027,1562,1500,0,3.99704,138.596,2.12838,12909,2.389
163.079,293.735,1014,1562,1500,0,3.08228,139.133,2.16333,13009,2.393
207.06,278.912,1029,1567,1500,0,3.09039,139.286,2.12244,13109,2.44
225.462,277.689,1033,1567,1500,0,3.08386,139.422,2.122,13209,2.454
237.746,270.609,1038,1549,1500,0,1.77829,139.11,2.09567,13310,2.51
253.146,272.659,1038,1551,1500,0,-0.250932,138.127,2.09623,13410,2.51
288.36,264.71,1038,1573,1500,0,-2.92252,136.802,2.09467,13510,2.515
300.541,241.226,1037,1573,1500,0,-6.90339,135.206,2.05433,13610,2.585
322.51,235.897,1020,1567,1500,0,-9.14306,134.994,2.08381,13710,2.608
354.439,225.298,1003,1581,1500,0,-10.9003,135.3,2.16543,13810,2.623
353.3,219.556,970,1581,1500,0,-11.8193,135.343,2.17352,13910,2.608
337.575,225.253,973,1553,1500,0,-12.0157,135.166,2.21045,14010,2.637
328.185,235.526,1003,1539,1500,0,-11.5452,135.642,2.222,14110,2.641
307.65,240.839,1004,1531,1500,0,-12.3461,136.89,2.21706,14210,2.651
261.844,249.321,1014,1503,1500,0,-11.8939,138.093,2.18693,14311,2.651
236.806,252.599,1037,1503,1500,0,-11.2923,139.07,2.16908,14411,2.651
209.895,254.838,1050,1511,1500,0,-11.2196,140.945,2.15221,14511,2.651
189.603,259.091,1055,1514,1500,0,-11.7582,141.949,2.14845,14611,2.651
159.602,265.04,1047,1514,1500,0,-11.6216,143.163,2.15563,14711,2.651
143.265,260.151,1052,1502,1500,0,-11.5254,144.333,2.14473,14811,2.651
125.362,255.688,1045,1507,1500,0,-11.8642,146.325,2.13359,14911,2.651
91.877,257.527,1045,1489,1500,0,-12.041,147.371,2.13142,15011,2.651
74.7849,260.725,1046,1489,1500,0,-12.1098,148.427,2.13501,15112,2.651
53.0494,263.5,1047,1493,1500,0,-11.6784,148.826,2.13367,15212,2.651
31.168,268.004,1047,1490,1500,0,-12.0974,149.596,2.14377,15312,2.651
-25.6554,270.497,1036,1490,1500,0,-11.942,149.967,2.13866,15412,2.745
-82.2784,280.749,1032,1443,1500,0,-10.6383,150.229,2.15271,15512,2.763
-109.06,290.624,1031,1464,1500,0,-9.5051,150.758,2.1699,15612,2.796
-142.179,295.973,1039,1454,1500,0,-6.53875,151.367,2.17547,15712,2.796
-173.157,301.534,1043,1451,1500,0,-4.70895,152.173,2.18212,15812,2.796
-240.779,311.848,1041,1451,1500,0,-2.17759,153.223,2.23062,15912,2.796
-273.767,304.978,1044,1434,1500,0,1.34935,154.091,2.22667,16012,2.801
-305.777,295.815,1042,1429,1500,0,4.00318,154.373,2.22505,16112,2.805
-354.143,273.71,1031,1429,1500,0,6.32816,154.551,2.19886,16213,2.805
-368.07,260.952,1013,1435,1500,0,8.35355,154.608,2.18091,16313,2.801
-389.669,251.251,982,1425,1500,0,8.8966,154.227,2.19414,16413,2.801
-387.194,241.839,979,1424,1500,0,9.57791,153.862,2.15383,16513,2.801
-383.879,243.756,983,1445,1500,0,9.2883,153.04,2.17343,16613,2.801
-371.453,242.949,977,1446,1500,0,8.73332,152.359,2.15739,16713,2.801
-357.619,246.312,995,1458,1500,0,7.85292,152.026,2.15834,16813,2.801
-303.048,257.619,1016,1501,1500,0,5.83215,151.835,2.17265,16913,2.801
-280.145,259.118,1034,1500,1500,0,4.64594,152.325,2.14494,17013,2.801
-207.854,271.047,1044,1477,1500,0,3.06183,152.605,2.16787,17113,2.804
-172.242,267.454,1033,1503,1500,0,1.9246,153.029,2.17511,17213,2.804
-130.574,248.909,1019,1515,1500,0,1.09491,153.19,2.15146,17313,2.8
-69.5356,210.473,971,1514,1500,0,1.03255,152.92,2.16095,17414,2.8
-49.8698,185.176,948,1508,1500,0,1.21009,152.736,2.1528,17514,2.8
-28.2879,160.035,923,1513,1500,0,0.855249,152.496,2.14919,17614,2.8
-13.2267,135.054,898,1509,1605,0,0.340746,151.745,2.14544,17714,2.8
22.4008,88.8669,856,1509,1605,0,0.540124,150.844,2.14384,17814,2.8
37.0564,66.3068,837,1532,1605,0,0.383875,150.162,2.13355,17914,2.8
68.1929,36.6063,807,1535,1605,0,-0.0360193,149.389,2.1338,18014,2.8
81.0355,20.6992,793,1522,1605,0,-0.232901,148.374,2.12911,18114,2.791
94.1581,7.78487,778,1522,1605,0,0.0952265,147.48,2.13217,18214,2.791
123.446,-19.5989,750,1542,1605,0,0.695014,146.184,2.13204,18314,2.791
138.309,-26.9522,743,1542,1605,0,0.316787,144.782,2.1294,18414,2.787
150.427,-25.237,743,1533,1605,0,-0.441817,143.564,2.13721,18514,2.735
166.109,-20.1781,749,1532,1605,0,-0.731419,142.485,2.13554,18614,2.693
192.433,10.7954,787,1551,1605,0,-0.860198,141.946,2.14347,18714,2.688
207.782,70.2526,852,1551,1605,0,-0.570316,141.763,2.14519,18814,2.66
210.054,94.2141,886,1544,1605,0,-0.732329,141.969,2.10631,18914,2.655
214.752,125.603,922,1534,1605,0,-1.74435,142.503,2.08597,19015,2.655
233.6,170.624,956,1551,1500,0,-2.31578,143.043,2.12415,19115,2.641
246.193,192.194,982,1548,1500,0,-2.41379,143.744,2.11013,19215,2.552
275.726,231.016,1019,1567,1500,0,-3.93346,144.704,2.10778,19315,2.543
293.734,266.044,1023,1568,1500,0,-6.34064,146.467,2.16492,19415,2.482
336.365,257.556,1003,1588,1500,0,-9.47768,148.58,2.09945,19515,2.477
342.776,245.561,987,1559,1500,0,-11.3146,150.498,2.06475,19615,2.458
360.784,241.896,961,1559,1500,0,-13.1929,152.408,2.07818,19715,2.449
374.576,272.73,978,1570,1500,0,-14.1427,153.889,2.17488,19815,2.417
371.864,250.378,969,1556,1500,0,-14.084,154.785,2.16205,19915,2.393
359.219,249.182,981,1557,1500,0,-13.9747,155.674,2.16507,20015,2.346
339.256,273.668,980,1547,1500,0,-13.6022,155.91,2.25158,20115,2.346
285.978,263.285,1006,1502,1500,0,-13.707,155.591,2.22413,20215,2.3
246.193,243.851,1004,1507,1500,0,-12.9371,155.057,2.16095,20315,2.295
168.809,241.409,1003,1464,1500,0,-11.2626,154.535,2.1696,20415,2.281
125.385,234.983,1006,1486,1500,0,-10.418,154.386,2.16196,20515,2.271
78.4099,222.777,1003,1486,1500,0,-9.70997,154.43,2.12135,20615,2.257
-4.81037,225.317,977,1433,1500,0,-9.21739,154.194,2.14117,20715,2.239
-41.9209,209.788,962,1433,1500,0,-8.99716,154.051,2.10303,20815,2.229
-78.4146,208.944,950,1467,1500,0,-8.38281,154.368,2.12146,20915,2.215
-113.393,203.544,938,1458,1500,0,-7.30235,155.432,2.1246,21015,2.215
-173.187,197.606,920,1427,1500,0,-5.47179,156.456,2.12532,21115,2.215
-204.327,191.806,918,1427,1500,0,-3.57471,157.645,2.14199,21216,2.215
-228.771,193.793,918,1447,1500,0,-1.87628,159.002,2.14976,21316,2.215
-280.414,205.053,935,1449,1500,0,-0.114967,159.954,2.17162,21416,2.206
-301.409,211.902,949,1417,1500,0,1.04181,160.791,2.16373,21516,2.196
-319.808,222.935,968,1439,1500,0,1.6399,161.518,2.16335,21616,2.182
-337.249,237.913,986,1437,1500,0,2.51835,161.579,2.1705,21716,2.173
-344.608,263.452,1013,1437,1500,0,3.19034,161.881,2.16463,21816,2.173
-342.115,285.131,1030,1453,1500,0,3.27215,162.394,2.15652,21916,2.135
-333.325,294.082,1045,1459,1500,0,3.71445,162.722,2.14994,22016,2.112
-310.869,298.286,1049,1459,1500,0,4.18607,163.059,2.15433,22116,2.107
-297.792,301.182,1056,1474,1500,0,4.30534,164.556,2.14789,22216,2.103
-246.96,291.638,1053,1507,1500,0,4.24755,165.199,2.15307,22316,2.056
-215.308,289.681,1049,1495,1500,0,5.11377,165.526,2.13603,22416,2.052
-182.268,282.517,1038,1495,1500,0,5.17373,165.825,2.13608,22516,2.023
-112.907,269.425,1019,1542,1500,0,4.66855,165.532,2.13919,22616,1.962
-77.9244,258.72,1011,1542,1500,0,3.72764,164.933,2.12485,22716,1.911
-1.82283,253.821,998,1565,1500,0,3.43445,164.466,2.10928,22816,1.892
30.0803,246.199,994,1565,1500,0,3.78193,164.422,2.10031,22916,1.864
59.5856,244.121,991,1534,1500,0,3.21564,164.271,2.09991,23016,1.859
84.9444,245.553,996,1535,1500,0,2.72551,162.763,2.09091,23116,1.808
111.155,249.968,1005,1535,1500,0,2.96544,160.923,2.08102,23217,1.78
157.773,269.661,1026,1539,1500,0,2.76177,159.295,2.07455,23317,1.765
176.065,276.49,1036,1543,1500,0,2.77972,158.132,2.06378,23417,1.747
209.475,286.444,1042,1561,1500,0,2.09142,157.187,2.06784,23517,1.737
224.403,284.191,1042,1561,1500,0,1.76225,155.924,2.07147,23617,1.719
236.39,271.727,1034,1547,1500,0,1.70029,154.656,2.05381,23717,1.719
256.36,246.382,1004,1557,1500,0,1.89447,154.118,2.07548,23817,1.7
257.263,223.24,981,1557,1500,0,0.53481,153.205,2.07822,23917,1.691
260.216,205.066,963,1544,1500,0,0.319671,152.558,2.09292,24017,1.663
261.641,173.874,938,1543,1500,0,-0.0301874,152.352,2.09298,24117,1.658
255.092,127.332,896,1543,1500,0,0.224054,152.285,2.08682,24217,1.658
250.474,110.241,881,1537,1605,0,-0.181151,152.398,2.0944,24317,1.654
235.94,89.4948,857,1537,1605,0,-0.960197,152.682,2.09933,24417,1.639
230.487,78.4943,846,1533,1605,0,-1.32839,152.609,2.10647,24517,1.639
217.746,62.5809,834,1525,1605,0,-2.61727,152.787,2.10691,24617,1.639
191.683,42.8374,820,1526,1605,0,-3.41602,153.41,2.10667,24717,1.649
176.518,36.1088,811,1511,1605,0,-3.92863,153.79,2.11494,24818,1.649
159.945,30.6795,805,1514,1605,0,-3.66017,154.52,2.11297,24918,1.649
118.541,23.5215,799,1514,1605,0,-3.30493,155.629,2.11562,25018,1.625
94.2318,28.2893,805,1487,1605,0,-3.11365,156.798,2.10834,25118,1.583
51.5882,63.0449,835,1476,1605,0,-2.83114,158.529,2.1216,25219,1.56
31.7703,85.4987,856,1476,1605,0,-2.46429,159.181,2.12001,25320,1.499
16.7933,111.324,881,1492,1605,0,-1.68342,159.514,2.12088,25420,1.475
4.93655,141.583,909,1495,1605,0,-1.8593,160.348,2.11906,25520,1.442
-6.79063,167.47,934,1494,1500,0,-1.51427,160.659,2.12422,25620,1.367
-15.7708,215.307,981,1495,1500,0,-1.02698,161.111,2.13604,25720,1.363
-21.2327,233.292,999,1497,1500,0,-0.269634,161.398,2.13416,25820,1.363
-26.0464,255.368,1021,1497,1500,0,0.934808,161.37,2.135,25920,1.363
-27.0589,259.543,1022,1496,1500,0,1.58968,161.308,2.14571,26020,1.274
-28.5612,258.161,1018,1499,1500,0,2.55815,161.075,2.15488,26120,1.227
-26.098,253.424,1015,1503,1500,0,3.9557,160.853,2.15022,26220,1.213
-25.4119,248.069,1005,1503,1500,0,4.74923,160.689,2.16706,26320,1.199
-26.9508,249.829,1005,1499,1500,0,6.34216,160.45,2.17569,26421,1.152
-29.7077,246.214,1004,1498,1500,0,7.9866,159.946,2.16177,26521,1.143
-36.0053,247.165,1004,1497,1500,0,7.84231,159.127,2.16505,26621,1.068
-42.1885,246.464,1001,1493,1500,0,6.73672,157.609,2.17237,26721,1.063
-38.9577,242.934,1002,1493,1500,0,4.78555,155.171,2.16652,26821,1.049
-22.718,235.763,999,1515,1500,0,2.66275,153.082,2.1481,26921,1.044
-13.5342,237.151,998,1510,1500,0,-1.0602,151.311,2.16065,27021,1.044
-2.28669,233.404,1003,1513,1500,0,-4.64998,150.732,2.14131,27121,1.007
2.67633,234.904,1006,1513,1500,0,-6.62731,150.832,2.13169,27221,1.007
5.43128,238.024,1009,1507,1500,0,-8.13314,151.344,2.12005,27321,0.969
0.243154,241.607,1019,1507,1500,0,-9.66602,151.219,2.11656,27421,0.957
-15.1989,252.288,1029,1489,1500,0,-11.4472,152.361,2.11248,27521,0.947
-21.1879,260.69,1023,1496,1500,0,-12.4842,153.298,2.11899,27621,0.919
-30.7976,262.377,1035,1491,1500,0,-12.2864,154.216,2.11215,27721,0.919
-51.6926,272.144,1030,1479,1500,0,-12.6152,155.349,2.11225,27821,0.905
-56.3408,282.15,1028,1492,1500,0,-12.8623,156.212,2.13175,27921,0.905
-74.9799,278.692,1034,1492,1500,0,-13.0943,156.883,2.1147,28022,0.905
-91.7791,283.329,1033,1476,1500,0,-12.5915,158.264,2.10936,28122,0.905
-102.485,285.764,1032,1479,1500,0,-11.7081,159.182,2.11665,28222,0.905
-129.659,287.965,1035,1479,1500,0,-11.4041,159.733,2.12796,28322,0.905
-137.108,291.29,1024,1477,1500,0,-10.7608,160.34,2.12928,28422,0.947
-140.974,292.595,1031,1479,1500,0,-9.98167,160.327,2.12491,28522,0.988
-150.138,287.686,1031,1473,1500,0,-8.34634,160.358,2.12377,28622,0.988
-163.143,286.957,1028,1473,1500,0,-6.14284,160.509,2.14162,28722,0.988
-174.464,285.918,1027,1467,1500,0,-3.67482,160.783,2.14998,28822,0.988
-183.6,286.486,1026,1467,1500,0,-0.615354,160.396,2.16935,28922,1.054
-205.59,271.712,1016,1467,1500,0,3.70169,159.684,2.18113,29022,1.054
-226.597,258.542,1011,1450,1500,0,7.33689,159.268,2.18333,29122,1.054
-244.434,248.745,1004,1450,1500,0,9.27955,158.709,2.18833,29223,1.054
-246.838,232.194,1001,1463,1500,0,9.55313,157.511,2.16254,29323,1.054
-257.676,225.583,1008,1454,1500,0,9.51335,156.363,2.15778,29423,1.054
-234.191,228.381,1006,1453,1500,0,8.521,154.947,2.13015,29523,1.054
-215.738,226.045,1003,1486,1500,0,6.17768,153.751,2.14396,29623,1.054
-201.315,221.102,995,1483,1500,0,4.59536,153.677,2.1562,29723,1.293
-169.025,198.848,969,1483,1500,0,2.79684,153.626,2.14478,29823,1.33
-108.572,157.677,914,1536,1500,0,2.02032,153.859,2.15014,29923,1.367
-82.2859,128.66,884,1510,1605,0,1.80696,154.363,2.13884,30023,1.405
-62.0817,99.604,859,1510,1605,0,1.66983,154.526,2.13194,30123,1.424
-28.2998,48.2813,807,1508,1605,0,1.367,155.471,2.14522,30223,1.452
-17.4374,23.1012,785,1507,1605,0,1.45671,156.281,2.13429,30323,1.457
-11.2453,-0.72329,765,1504,1605,0,1.41064,156.73,2.11927,30423,1.499
-7.14609,-15.7027,747,1504,1605,0,1.02354,156.755,2.12616,30524,1.508
5.31671,-50.6193,715,1503,1605,0,0.643368,157.319,2.11946,30624,1.522
10.0256,-63.4297,699,1512,1605,0,-0.0461358,158.406,2.12725,30724,1.532
14.7809,-81.1265,681,1507,1605,0,-0.342897,159.502,2.10556,30824,1.546
22.3308,-112.603,651,1510,1605,0,0.16127,159.633,2.11305,30925,1.56
25.527,-120.704,645,1510,1605,0,0.266157,159,2.11483,31025,1.569
26.1146,-107.327,660,1505,1605,0,0.434508,158.11,2.11394,31125,1.583
26.2496,-91.3405,674,1504,1605,0,0.539055,157.376,2.10094,31225,1.583
26.8278,-72.7508,694,1504,1605,0,0.167663,156.582,2.09269,31325,1.588
29.3168,-26.3322,744,1505,1605,0,-0.149993,155.5,2.09241,31425,1.578
28.4063,3.36767,773,1504,1605,0,-0.502015,154.898,2.09593,31525,1.56
29.4431,36.1835,805,1506,1605,0,-0.716162,154.531,2.08451,31625,1.517
32.9713,70.5945,842,1509,1605,0,-0.721156,154.44,2.08523,31725,1.513
39.9032,139.248,911,1512,1605,0,-1.08824,154.813,2.08105,31825,1.494
46.3953,175.973,942,1513,1605,0,-1.67166,155.103,2.09134,31926,1.485
53.3504,200.947,975,1515,1500,0,-1.21724,155.857,2.07231,32026,1.461
75.3564,246.436,1020,1531,1500,0,-1.59164,157.552,2.06847,32126,1.461
93.2926,263.7,1032,1531,1500,0,-0.604888,160.335,2.08373,32227,1.461
119.043,269.917,1045,1541,1500,0,-1.53856,163.123,2.06026,32327,1.461
139.341,275.359,1048,1539,1500,0,-2.63247,164.781,2.06091,32427,1.48
164.236,274.536,1052,1539,1500,0,-1.92188,166.179,2.07013,32527,1.499
205.617,274.676,1059,1547,1500,0,-0.857232,166.832,2.08108,32627,1.503
217.85,290.457,1067,1545,1500,0,-0.133369,167.366,2.10334,32727,1.503
217.829,292.827,1071,1534,1500,0,0.210412,168.019,2.10266,32827,1.503
218.518,297.717,1072,1535,1500,0,-0.0155825,168.314,2.09842,32927,1.583
213.8,296.141,1067,1530,1500,0,-0.331031,168.207,2.10679,33027,1.644
211.428,291.444,1060,1531,1500,0,-0.585524,168.318,2.10748,33127,1.677
212.615,275.253,1043,1536,1500,0,-0.459037,167.052,2.11505,33227,1.7
208.741,239.098,1007,1531,1500,0,-0.313547,166.422,2.11277,33327,1.7
203.23,212.945,983,1531,1500,0,0.203571,165.913,2.10193,33427,1.7
200.398,172.669,935,1531,1500,0,0.633823,165.341,2.09315,33527,1.7
199.41,150.762,911,1531,1500,0,0.898374,164.358,2.08195,33627,1.705
198.412,128.645,889,1533,1605,0,1.4141,163.659,2.09092,33727,1.784
197.886,108.411,866,1533,1605,0,1.04791,163.183,2.08834,33827,1.859
199.038,63.8712,822,1535,1605,0,1.43213,163.038,2.08529,33927,1.869
200.388,43.7329,800,1536,1605,0,1.37241,163.422,2.09188,34027,1.887
194.783,29.8486,784,1529,1605,0,0.551524,163.524,2.08813,34127,1.925
194.801,6.70977,763,1529,1605,0,0.00675578,163.391,2.09242,34227,1.958
199.925,-4.78786,754,1534,1605,0,0.469272,162.516,2.08809,34327,1.995
204.906,-10.7077,748,1540,1605,0,1.08391,161.299,2.08313,34427,1.995
218.44,-11.6366,745,1550,1605,0,1.92558,161.347,2.08264,34527,2.009
223.718,-5.9756,750,1550,1605,0,1.72287,161.484,2.07064,34627,2.056
228.963,19.9755,774,1545,1605,0,1.8899,161.719,2.08416,34727,2.088
230.309,33.944,788,1545,1605,0,2.16045,161.764,2.07932,34827,2.093
230.947,48.6857,806,1542,1605,0,2.30273,161.891,2.08437,34927,2.093
226.95,64.8899,827,1537,1605,0,2.05635,161.78,2.06714,35027,2.093
226.006,88.3369,851,1540,1605,0,1.00457,161.517,2.06584,35127,2.145
223.808,135.892,902,1539,1605,0,-0.561855,161.989,2.05949,35228,2.145
227.465,154.52,926,1539,1605,0,-3.22266,162.143,2.06088,35328,2.168
240.666,188.16,976,1545,1500,0,-4.855,162.861,2.05809,35428,2.192
244.944,203.583,991,1548,1500,0,-6.83019,163.409,2.06222,35528,2.201
249.783,234.723,988,1549,1500,0,-9.15142,164.244,2.10818,35628,2.22
249.167,250.637,1031,1550,1500,0,-10.6537,164.919,2.08601,35728,2.224
249.586,277.474,1033,1545,1500,0,-12.4045,165.631,2.16267,35828,2.224
229.491,275.277,1035,1526,1500,0,-13.8119,166.102,2.11843,35928,2.253
220.596,300.536,1045,1526,1500,0,-13.4679,166.359,2.19744,36028,2.271
199.166,287.395,1079,1535,1500,0,-13.5025,166.763,2.13647,36128,2.314
170.687,312.199,1052,1511,1500,0,-11.9493,166.394,2.18816,36228,2.318
114.938,325.077,1061,1479,1500,0,-10.2108,166.279,2.20299,36328,2.318
75.0342,326.322,1077,1479,1500,0,-7.68149,167.026,2.19638,36428,2.323
36.1969,334.053,1094,1482,1500,0,-4.96835,167.306,2.19418,36528,2.323
-46.7356,306.579,1084,1432,1500,0,-2.01712,167.695,2.11659,36628,2.342
-82.1321,306.682,1061,1432,1500,0,1.40942,168.504,2.13128,36728,2.37
-111.376,314.082,1039,1468,1500,0,4.12398,169.148,2.17311,36828,2.375
-180.685,306.628,1059,1468,1500,0,6.87234,169.738,2.19075,36928,2.375
-209.201,306.381,1053,1453,1500,0,10.0991,170.37,2.21419,37028,2.375
-249.184,297.524,1073,1437,1500,0,11.1667,170.962,2.22267,37128,2.436
-251.155,277.616,1064,1437,1500,0,12.3997,170.99,2.19715,37228,2.458
-255.023,272.652,1051,1467,1500,0,13.8673,170.264,2.20601,37328,2.501
-253.607,270.19,1039,1471,1500,0,13.3947,169.683,2.20598,37428,2.505
-245.952,257.746,1041,1477,1500,0,12.996,169.083,2.18114,37529,2.505
-223.755,269.955,1042,1477,1500,0,12.4073,167.996,2.19894,37629,2.51
-199.978,264.081,1044,1497,1500,0,9.70193,167.478,2.1713,37729,2.543
-158.681,280.175,1056,1497,1500,0,7.75539,166.929,2.18957,37829,2.543
-128.336,282.395,1055,1518,1500,0,5.95687,166.329,2.18669,37929,2.543
-93.0526,277.388,1052,1523,1500,0,4.6128,165.774,2.17503,38029,2.543
-47.7383,262.236,1028,1538,1500,0,3.189,165.546,2.1733,38129,2.543
-30.2369,252.782,1013,1517,1500,0,1.31924,165.087,2.18056,38229,2.543
-8.74217,224.263,986,1524,1500,0,0.946046,164.174,2.18292,38330,2.543
-8.60689,208.015,969,1524,1500,0,-0.0636364,163.447,2.17428,38430,2.726
-11.3417,196.514,957,1503,1500,0,-0.963376,162.531,2.18067,38530,2.735
-21.078,173.986,943,1495,1500,0,-1.28896,161.824,2.1582,38630,2.735
-30.4355,143.314,906,1495,1500,0,-1.22786,161.297,2.1604,38730,2.735
-40.3626,121.026,887,1492,1605,0,-0.969376,160.99,2.15314,38830,2.73
-49.5239,100.042,867,1491,1605,0,-1.11684,160.767,2.15328,38930,2.73
-65.89,58.5235,824,1483,1605,0,-1.05956,160.921,2.15447,39030,2.73
-74.7387,40.1267,803,1483,1605,0,-0.698687,161.254,2.15699,39130,2.73
-84.7346,25.7754,784,1485,1605,0,-1.37896,161.644,2.16724,39231,2.73
-89.0798,6.95426,769,1489,1605,0,-1.51421,161.952,2.15883,39331,2.73
-92.6182,-13.8004,744,1489,1605,0,-1.68628,162.394,2.16657,39431,2.73
-96.4124,-30.6602,730,1488,1605,0,-1.33384,162.821,2.15277,39531,2.73
-98.2199,-35.2044,727,1490,1605,0,-1.2399,163.077,2.15709,39631,2.735
-97.1961,-37.8154,722,1490,1605,0,-1.15165,163.148,2.16084,39731,2.787
