PID values => kp: 0.15 ki: 0.01 kd: 0.085
Print out format:
yc, zc, alt, CH1, CH3, is_manual?, roll, yaw, area, system time, x
19.5214,194.624,891,1490,1500,0,-0.11102,151.913,1.77292,0,0
23.9212,204.961,888,1508,1500,0,-0.0246657,153.33,1.79646,100,0
27.3489,199.672,886,1507,1500,0,-0.605214,154.623,1.77319,200,0
40.423,210.483,891,1517,1500,0,-0.457092,155.783,1.79829,300,0
52.9001,187.58,869,1517,1500,0,-0.165232,156.468,1.79044,400,0
67.1906,182.75,864,1517,1500,0,0.0487189,156.507,1.7983,500,0
81.3048,160.067,850,1524,1500,0,0.45242,155.927,1.80629,600,0
92.9571,154.309,843,1524,1500,0,0.536428,153.94,1.81209,700,0
107,146.586,834,1528,1605,0,0.281897,152.693,1.81347,800,0
124.479,154.035,829,1528,1605,0,0.72789,151.316,1.84741,900,0
143.009,146.537,833,1537,1605,0,0.371397,149.942,1.83809,1000,0
160.06,144.818,836,1539,1605,0,-0.902452,149.42,1.83176,1100,0
222.056,108.805,861,1539,1605,0,-1.49931,149.417,1.72026,1200,0
236.227,88.7767,831,1548,1605,0,-1.56067,150.103,1.64934,1300,0
278.485,141.507,854,1549,1605,0,-2.30228,151.715,1.7425,1401,0
305.312,140.318,845,1570,1605,0,-2.57646,152.947,1.72153,1502,0
334.782,154.956,857,1577,1500,0,-4.62003,154.853,1.75389,1602,0
364.928,156.453,847,1577,1500,0,-5.34107,156.056,1.75315,1702,0
385.365,150.12,823,1578,1500,0,-5.26162,156.569,1.76639,1802,0
403.718,142.057,799,1579,1605,0,-5.12903,157.017,1.76575,1902,0
425.334,116.686,796,1579,1605,0,-4.82276,156.955,1.78848,2002,0
424.04,110.352,802,1566,1605,0,-3.84919,156.009,1.80032,2103,0
418.665,94.7056,779,1567,1605,0,-2.48417,154.19,1.79803,2203,0
411.724,99.8539,779,1560,1605,0,-2.03615,152.649,1.79287,2303,0
407.295,105.811,771,1560,1605,0,-1.51179,151.877,1.77969,2404,0
392.745,111.532,792,1552,1605,0,-1.6316,148.894,1.87397,2504,0
386.476,149.914,824,1558,1605,0,-1.69486,146.296,1.77405,2604,0
379.285,165.044,843,1559,1605,0,-2.16491,145.513,1.75808,2704,0
381.435,184.494,875,1565,1500,0,-2.5225,145.652,1.78418,2804,0
377.615,200.785,900,1560,1500,0,-3.03838,146.41,1.77401,2904,0
367.782,236.758,951,1554,1500,0,-2.90004,146.682,1.76722,3004,0
364.06,250.441,974,1559,1500,0,-2.3745,146.431,1.7649,3104,0
350.229,256.916,988,1549,1500,0,-2.35856,145.659,1.75321,3204,0
342.624,279.506,1003,1553,1500,0,-2.17406,144.973,1.77897,3304,0
311.84,292.144,1014,1529,1500,0,-2.2611,143.912,1.736,3404,0
303.62,290.766,996,1529,1500,0,-1.07425,142.871,1.75021,3504,0
283.586,281.729,996,1535,1500,0,-0.821131,141.647,1.72017,3604,0
272.853,284.419,1004,1535,1500,0,-0.937394,140.387,1.74083,3704,0
275.47,300.446,1014,1541,1500,0,-1.36211,138.954,1.89015,3804,0
253.08,310.238,1010,1541,1500,0,-2.18701,138.041,1.87506,3904,0
260.078,262.1,995,1529,1500,0,-1.66126,136.103,1.85803,4004,0
234.147,228.533,977,1524,1500,0,-2.02632,133.827,1.79366,4104,0
213.25,209.516,955,1525,1500,0,-2.02632,133.827,1.80837,4204,0
199.627,200.995,962,1525,1500,0,-1.36984,132.104,1.80711,4304,0
180.823,198.653,939,1522,1500,0,-0.866204,131.231,1.82701,4404,0
163.459,210.727,947,1522,1500,0,-0.56264,130.942,1.86399,4504,0
160.105,179.045,934,1533,1500,0,-0.773103,131.355,1.78139,4604,0
139.074,176.662,932,1514,1500,0,-0.773103,131.355,1.76369,4704,0
119.23,168.596,921,1515,1500,0,-0.773103,131.355,1.74433,4804,0
103.466,167.601,919,1514,1500,0,-1.61762,139.312,1.73389,4904,0
67.8743,226.149,907,1492,1500,0,-1.61762,139.312,1.89511,5004,0
22.0751,206.96,915,1492,1500,0,-1.50415,146.763,1.8192,5104,0
-5.87524,223.698,916,1487,1500,0,-1.51882,152.625,1.84475,5204,0
-37.3831,214.456,892,1487,1500,0,-1.27679,154.714,1.82438,5304,0
-85.2297,203.13,899,1458,1500,0,-0.997259,155.241,1.76728,5404,0
-149.373,210.258,920,1435,1500,0,0.86088,155.548,1.76808,5504,0
-182.099,186.883,931,1435,1500,0,2.35743,155.167,1.73955,5604,0
-211.801,179.779,905,1454,1500,0,3.49793,153.503,1.72774,5704,0
-232.423,213.594,908,1454,1500,0,2.23912,151.884,1.83294,5804,0
-242.438,244.551,928,1458,1500,0,1.51873,150.725,1.94504,5904,0
-289.379,259.928,938,1427,1500,0,1.31513,149.936,1.87816,6004,0
-299.988,272.342,972,1456,1500,0,5.12723,148.313,1.88603,6104,0
-316.656,286.831,964,1448,1500,0,4.04757,148.011,1.91445,6204,0
-350.436,278.291,946,1448,1500,0,4.04757,148.011,1.90011,6305,0
-355.335,284.802,955,1452,1500,0,2.58233,149.455,1.88893,6405,0
-346.618,298.364,973,1464,1500,0,2.58233,149.455,1.90391,6505,0
-340.519,305.793,977,1464,1500,0,0.66991,150.754,1.88743,6605,0
-327.483,314.8,1017,1470,1500,0,0.66991,150.754,1.87501,6705,0
-310.939,331.256,1012,1475,1500,0,0.66991,150.754,1.89415,6805,0
-308.616,338.631,1034,1475,1500,0,0.66991,150.754,1.90664,6905,0
-310.654,332.379,1025,1459,1500,0,0.66991,150.754,1.87063,7006,0
-298.945,358.404,1070,1459,1500,0,0.214115,150.647,1.90986,7106,0
-318.167,346.73,1074,1443,1500,0,0.214115,150.647,1.82753,7206,0
-315.753,369.657,1081,1443,1500,0,0.214115,150.647,1.8876,7307,0
-323.694,370.827,1080,1443,1500,0,0.214115,150.647,1.88397,7407,0
-350.396,363.059,1081,1430,1500,0,0.214115,150.647,1.84626,7507,0
-351.307,363.258,1055,1430,1500,0,4.35609,151.368,1.83477,7607,0
-352.074,361.509,1066,1451,1500,0,4.81288,151.249,1.83183,7707,0
-350.397,352.12,1045,1453,1500,0,3.05459,150.44,1.8191,7807,0
-315.929,359.235,1072,1453,1500,0,3.18201,148.853,1.84048,7913,0
-300.21,363.017,1062,1486,1500,0,3.18201,148.853,1.82804,8013,0
-279.146,340.172,1080,1472,1500,0,1.12461,145.337,1.75418,8113,0
-261.911,375.874,1088,1479,1500,0,0.594482,144.226,1.80341,8213,0
-238.846,370.828,1092,1479,1500,0,0.0962287,143.847,1.79899,8313,0
-212.579,350.043,1093,1493,1500,0,-0.400692,144.335,1.74376,8413,0
-228.008,328.888,1081,1455,1500,0,-0.45803,145.362,1.64456,8513,0
-178.054,343.063,1070,1455,1500,0,1.01691,147.239,1.7106,8613,0
-160.553,363.205,1063,1493,1500,0,1.33529,148.562,1.79141,8713,0
-154.072,369.991,1063,1493,1500,0,0.726318,151.955,1.80317,8813,0
-139.845,360.347,1056,1493,1500,0,0.953298,152.664,1.76426,8913,0
-125.178,371.952,1063,1493,1500,0,0.512927,153.538,1.7805,9013,0
-113.159,370.207,1074,1495,1500,0,1.01194,153.332,1.76975,9113,0
-105.375,377.853,1081,1492,1500,0,0.920236,152.921,1.77997,9213,0
-97.6164,378.435,1079,1492,1500,0,1.17468,152.461,1.78891,9313,0
-92.0555,376.402,1084,1492,1500,0,1.02937,151.379,1.77497,9413,0
-68.6977,380.442,1071,1511,1500,0,0.0466219,150.924,1.78965,9513,0
-63.2985,366.688,1052,1511,1500,0,-0.0471307,150.855,1.77082,9613,0
-39.3957,347.004,1036,1516,1500,0,-0.292852,151.194,1.74655,9713,0
-31.3754,351.007,1021,1516,1500,0,0.210625,151.358,1.7885,9813,0
-18.994,339.166,1025,1509,1500,0,0.610844,151.726,1.79382,9913,0
-7.78408,323.424,1015,1510,1500,0,0.637595,151.739,1.80274,10013,0
-3.09459,313.423,991,1509,1500,0,0.425216,151.907,1.79578,10113,0
6.12564,303.222,979,1510,1500,0,-0.0317032,152.039,1.78639,10214,0
29.1381,291.557,985,1510,1500,0,-0.0733331,152.067,1.77809,10314,0
35.4807,295.571,980,1512,1500,0,0.284978,152.529,1.79614,10414,0
45.1334,290.418,973,1512,1500,0,0.268812,152.612,1.80644,10514,0
46.717,290.4,971,1516,1500,0,0.268812,152.612,1.79508,10614,0
48.5418,291.713,982,1510,1500,0,-0.280822,152.534,1.80494,10714,0
52.9044,291.761,993,1510,1500,0,-0.590083,152.595,1.79337,10814,0
55.2299,295.963,983,1513,1500,0,-0.883943,152.745,1.81082,10914,0
55.3147,277.692,999,1512,1500,0,-0.661495,152.899,1.76211,11014,0
53.78,290.886,993,1510,1500,0,-0.892784,153.338,1.7974,11114,0
50.8208,288.518,976,1507,1500,0,-0.280163,153.743,1.79425,11214,0
41.5767,279.973,958,1500,1500,0,0.889298,153.819,1.81128,11315,0
32.6362,278.388,966,1500,1500,0,0.889298,153.819,1.82446,11415,0
23.0662,257.643,942,1497,1500,0,-0.399049,152.908,1.78672,11515,0
16.708,237.205,954,1497,1500,0,-0.14532,152.13,1.77697,11615,0
21.0141,220.681,891,1499,1500,0,0.0968284,151.735,1.80346,11715,0
18.5458,205.828,879,1509,1500,0,0.384266,152.41,1.79785,11815,0
18.414,193.187,877,1502,1500,0,0.0296029,153.485,1.79989,11915,0
16.489,186.979,870,1503,1500,0,-0.258005,154.565,1.77906,12015,0
11.7355,169.294,848,1500,1500,0,-0.647581,155.145,1.81436,12116,0
12.5413,160.619,847,1500,1500,0,-0.647581,155.145,1.82554,12216,0
12.2402,155.461,826,1503,1500,0,-1.12868,155.165,1.84143,12316,0
0.919637,127.767,821,1503,1500,0,-0.720493,155.713,1.77763,12416,0
7.55789,147.05,819,1492,1605,0,-0.370127,155.969,1.83266,12516,0
1.04826,142.625,822,1496,1605,0,-0.0950042,156.119,1.79424,12616,0
-9.0676,151.436,830,1496,1605,0,-0.198186,156.141,1.78436,12716,0
-15.2489,167.935,846,1494,1500,0,-0.868994,155.807,1.80268,12816,0
-29.2828,180.9,861,1494,1500,0,-0.46586,155.073,1.77985,12916,0
-54.1342,172.269,879,1485,1500,0,-0.184503,154.387,1.71587,13016,0
-48.4798,205.342,890,1499,1500,0,-0.045273,153.987,1.78243,13116,0
-59.7222,224.789,900,1499,1500,0,0.488743,153.178,1.80157,13216,0
-82.6706,244.097,931,1470,1500,0,0.576638,153.155,1.81869,13316,0
-96.1886,250.132,943,1470,1500,0,0.455611,153.371,1.82332,13416,0
-108.407,247.356,935,1470,1500,0,0.455611,153.371,1.79217,13516,0
-120.808,262.553,955,1473,1500,0,0.666332,153.697,1.82009,13616,0
-150.483,265.477,961,1473,1500,0,0.887676,153.444,1.83244,13716,0
-158.817,262.045,952,1470,1500,0,0.887676,153.444,1.82263,13816,0
-177.26,238.043,955,1459,1500,0,1.47483,153.263,1.77644,13916,0
-188.28,237.953,949,1458,1500,0,2.04755,154.335,1.77403,14016,0
-214.31,233.486,935,1458,1500,0,2.05051,154.457,1.78852,14116,0
-220.134,226.497,939,1446,1500,0,3.16734,154.839,1.77152,14216,0
-222.301,214.608,911,1462,1500,0,2.85148,154.346,1.77662,14316,0
-227.615,232.117,910,1462,1500,0,1.85729,153.844,1.8689,14416,0
-225.769,186.603,905,1461,1500,0,0.965257,152.221,1.77225,14516,0
-219.632,188.732,907,1472,1500,0,-0.071834,149.929,1.76827,14616,0
-216.415,193.829,894,1471,1500,0,-0.680699,148.368,1.78528,14716,0
-215.288,188.634,910,1469,1500,0,-0.380396,147.031,1.76633,14816,0
-235.075,175.761,884,1447,1500,0,-0.203346,146.783,1.75832,14917,0
-240.069,177.203,895,1446,1500,0,-0.203346,146.783,1.74734,15017,0
-252.017,175.474,876,1446,1500,0,2.67528,146.043,1.75149,15117,0
-250.192,206.567,887,1462,1500,0,1.71956,146.991,1.86696,15217,0
-250.68,214.162,896,1462,1500,0,1.17189,147,1.86371,15317,0
-253.066,220.642,909,1457,1500,0,1.42119,146.919,1.83957,15417,0
-254.581,233.044,936,1457,1500,0,2.15731,148.258,1.85862,15518,0
-258.986,241.209,932,1454,1500,0,2.75035,149.832,1.84567,15618,0
-245.839,256.294,952,1471,1500,0,2.87117,151.459,1.87228,15718,0
-253.547,266.936,951,1471,1500,0,1.17344,153.657,1.84744,15818,0
-231.985,269.729,976,1471,1500,0,1.17344,153.657,1.86188,15918,0
-236.842,277.196,986,1479,1500,0,0.438152,154.737,1.8106,16018,0
-223.073,266.621,1009,1474,1500,0,0.447605,154.206,1.75084,16119,0
-234.164,252.679,999,1451,1500,0,0.669338,153.463,1.68804,16219,0
-220.889,257.996,995,1451,1500,0,2.01888,152.805,1.67828,16319,0
-191.898,267.638,983,1491,1500,0,1.77927,152.512,1.73656,16419,0
-187.395,272.666,1001,1491,1500,0,1.77927,152.512,1.75423,16519,0
-171,267.947,988,1483,1500,0,-0.117274,150.253,1.71356,16619,0
-153.157,271.552,995,1483,1500,0,0.0379761,150.201,1.72176,16720,0
-165.785,288.605,1011,1459,1500,0,0.651049,151.148,1.74427,16820,0
-134.9,310.771,1015,1500,1500,0,0.562095,152.29,1.81201,16920,0
-131.938,316.9,1003,1500,1500,0,-0.3049,153.492,1.81364,17020,0
-125.552,320.088,1017,1500,1500,0,-0.225822,154.062,1.80538,17120,0
-116.517,335.336,1036,1480,1500,0,-0.225822,154.062,1.79625,17220,0
-115.661,341.496,1040,1477,1500,0,0.945723,156.141,1.7894,17320,0
-114.213,332.584,1035,1477,1500,0,0.945723,156.141,1.76777,17420,0
-113.619,332.447,1030,1478,1500,0,1.11117,156.646,1.77732,17520,0
-105.33,330.041,1020,1485,1500,0,0.233993,156.412,1.79562,17620,0
-98.5848,316.228,1002,1484,1500,0,-0.176981,156.292,1.81155,17720,0
-84.854,281.509,969,1484,1500,0,-0.0854315,156.185,1.79444,17820,0
-73.289,261.323,944,1484,1500,0,0.280431,156.008,1.79053,17920,0
-62.4566,237.315,923,1493,1500,0,0.280431,156.008,1.82663,18020,0
-60.378,218.923,909,1493,1500,0,0.280431,156.008,1.81305,18120,0
-51.8426,203.928,892,1486,1500,0,0.280431,156.008,1.78874,18220,0
-52.7843,202.744,886,1492,1500,0,-0.0399203,156.739,1.79306,18320,0
-49.2502,201.944,880,1492,1500,0,0.00428365,157,1.79126,18420,0
-52.92,200.533,886,1488,1500,0,0.261576,157.329,1.77503,18520,0
-54.928,238.104,912,1483,1500,0,0.261576,157.329,1.8227,18620,0
-61.2879,239.799,930,1483,1500,0,-0.70017,158.146,1.80261,18720,0
-65.1236,260.779,945,1478,1500,0,-0.981899,158.192,1.81893,18820,0
-71.2118,249.856,978,1477,1500,0,-1.6104,157.47,1.76295,18920,0
-75.6148,270.454,943,1477,1500,0,-2.12698,157.05,1.8041,19021,0
-85.8863,277.357,963,1477,1500,0,-1.79553,156.139,1.82163,19121,0
-128.367,279.328,969,1471,1500,0,-1.32206,154.92,1.81459,19221,0
-160.245,257.295,956,1437,1500,0,0.566064,153.849,1.75482,19321,0
-178.592,264.765,969,1450,1500,0,2.87084,152.995,1.79475,19421,0
-201.327,264.463,951,1449,1500,0,2.95103,152.287,1.85093,19521,0
-253.209,258.863,930,1409,1500,0,3.67183,151.621,1.89574,19621,0
-264.184,234.558,916,1442,1500,0,6.21545,150.928,1.88701,19721,0
-285.218,237.574,910,1442,1500,0,4.045,151.085,1.93915,19821,0
-317.408,217.091,890,1416,1500,0,3.88091,151.443,1.87207,19921,0
-330.563,230.126,946,1430,1500,0,3.88091,151.443,1.85734,20021,0
-337.978,224.587,940,1433,1500,0,4.64085,153.363,1.86345,20121,0
-335.117,235.344,951,1442,1500,0,4.63744,153.789,1.85525,20221,0
-331.297,236.447,952,1442,1500,0,3.66125,155.57,1.8416,20321,0
-303.007,248.728,943,1468,1500,0,3.16101,156.576,1.86479,20421,0
-280.376,238.59,947,1466,1500,0,0.753725,157.678,1.84415,20521,0
-260.811,256.57,943,1466,1500,0,0.204209,158.205,1.86265,20621,0
-252.727,261.449,966,1457,1500,0,0.0991028,158.252,1.82115,20721,0
-223.793,253.901,963,1457,1500,0,0.95562,158.926,1.76934,20822,0
-231.486,235.126,971,1447,1500,0,0.96493,160.075,1.69217,20922,0
-201.056,263.063,984,1483,1500,0,1.14881,161.11,1.76315,21022,0
-192.507,273.025,984,1483,1500,0,-0.23655,162.004,1.74924,21122,0
-189.011,277.561,1019,1462,1500,0,0.24878,162.194,1.66716,21222,0
-158.326,330.995,1025,1462,1500,0,0.459547,161.954,1.81619,21322,0
-148.578,342.726,1014,1473,1500,0,1.11708,161.296,1.78882,21422,0
-165.277,340.764,1040,1448,1500,0,0.881121,160.894,1.73594,21522,0
-138.625,358.682,1051,1448,1500,0,0.881121,160.894,1.77885,21622,0
-137.477,355.483,1064,1467,1500,0,0.881121,160.894,1.77742,21722,0
-138.809,356.236,1049,1467,1500,0,2.09554,159.18,1.77982,21822,0
-127.829,313.59,1029,1476,1500,0,0.772248,159.4,1.67316,21922,0
-90.0949,358.616,1047,1505,1500,0,0.772248,159.4,1.77995,22022,0
-75.2666,358.208,1036,1505,1500,0,-0.932902,160.36,1.78773,22122,0
-55.7613,351.932,1035,1494,1500,0,-1.00974,160.488,1.77912,22222,0
-46.7715,341.601,1040,1494,1500,0,-1.00974,160.488,1.75264,22322,0
-29.2473,352.153,1050,1496,1500,0,-1.44649,161.352,1.76369,22422,0
-25.5514,357.275,1037,1496,1500,0,-1.35878,161.404,1.78403,22522,0
-29.9816,362.171,1048,1485,1500,0,-0.584563,161.535,1.78171,22622,0
-32.0325,367.425,1059,1479,1500,0,-0.471684,161.477,1.80771,22723,0
-49.7596,375.344,1066,1479,1500,0,0.335629,161.32,1.80906,22823,0
-57.9591,387.966,1077,1470,1500,0,0.257127,161.027,1.83282,22923,0
-69.2025,381.575,1068,1466,1500,0,0.222074,160.354,1.79071,23023,0
-84.5703,375.664,1071,1466,1500,0,0.540127,159.689,1.78484,23123,0
-102.443,371.785,1073,1455,1500,0,0.540127,159.689,1.80203,23223,0
-116.803,368.362,1060,1455,1500,0,0.779861,159.06,1.8231,23323,0
-133.594,355.969,1032,1451,1500,0,0.779861,159.06,1.82339,23423,0
-146.508,339.968,1027,1452,1500,0,0.779861,159.06,1.82624,23523,0
-162.931,326.156,1029,1446,1500,0,3.56057,157.377,1.83534,23623,0
-186.749,272.78,987,1436,1500,0,4.31141,156.866,1.76746,23723,0
-192.281,263.916,980,1436,1500,0,5.25111,156.119,1.77563,23823,0
-183.817,265.057,964,1451,1500,0,4.63942,155.625,1.82463,23923,0
-192.765,249.033,979,1448,1500,0,3.45547,155.496,1.75859,24023,0
-171.008,234.637,982,1447,1500,0,3.39632,155.447,1.69512,24123,0
-153.141,232.513,973,1476,1500,0,2.78122,156.099,1.68274,24223,0
-118.44,269.953,976,1495,1500,0,1.20829,157.083,1.75034,24324,0
-99.6148,294.092,984,1495,1500,0,-0.675153,159.282,1.75237,24424,0
-32.118,302.279,982,1536,1500,0,-0.628891,160.438,1.76381,24524,0
-4.58839,311.881,1003,1536,1500,0,-0.885581,161.381,1.76217,24624,0
17.2809,323.55,1009,1505,1500,0,-0.927772,161.217,1.78489,24724,0
35.0258,332.326,1000,1504,1500,0,-0.588762,161.252,1.77812,24824,0
74.5929,329.558,1024,1504,1500,0,-0.525486,161.84,1.80147,24924,0
83.6655,327.392,1004,1504,1500,0,0.0650598,162.465,1.79052,25024,0
103.404,321.422,1004,1516,1500,0,0.0451658,162.566,1.8347,25125,0
115.198,297.867,981,1516,1500,0,-0.0369202,162.632,1.80074,25225,0
144.443,275.581,959,1531,1500,0,-1.13799,162.291,1.82587,25325,0
159.869,258.463,966,1531,1500,0,-0.882467,162.018,1.81619,25425,0
183.182,232.212,937,1532,1500,0,-0.792343,162.017,1.83199,25525,0
189.656,213.067,935,1532,1500,0,-0.63698,162.37,1.80496,25626,0
200.846,192.694,909,1519,1500,0,-0.365061,163.015,1.74218,25726,0
199.223,209.362,932,1513,1500,0,-0.225564,164.443,1.79905,25826,0
200.105,211.026,935,1514,1500,0,0.340398,166.109,1.79491,25926,0
203.487,211.333,934,1519,1500,0,0.603912,165.971,1.79677,26026,0
206.888,217.887,938,1519,1500,0,0.607459,164.824,1.82142,26126,0
214.168,214.5,936,1520,1500,0,-0.0617845,163.16,1.81399,26226,0
220.975,173.478,942,1525,1500,0,0.35656,159.178,1.66165,26326,0
230.95,224.983,935,1525,1500,0,0.491115,156.972,1.79458,26426,0
237.86,242.593,949,1529,1500,0,0.104076,153.711,1.80339,26526,0
253.687,232.694,971,1538,1500,0,0.104076,153.711,1.73757,26626,0
270.086,253.964,966,1538,1500,0,-1.50795,150.162,1.75822,26726,0
283.316,267.85,982,1541,1500,0,-1.05736,148.921,1.76913,26826,0
285.822,266.455,993,1532,1500,0,-0.769062,148.665,1.75487,26926,0
283.193,289.364,1004,1533,1500,0,-0.686375,149.016,1.73559,27027,0
310.852,349.448,1040,1558,1500,0,-1.20891,149.796,1.86666,27127,0
326.339,348.756,1039,1558,1500,0,-1.20891,149.796,1.84034,27227,0
317.634,314.332,1049,1529,1500,0,-3.19463,154.892,1.72344,27327,0
334.505,305.064,1056,1554,1500,0,-1.25724,155.639,1.70316,27427,0
332.526,319.721,1067,1538,1500,0,-2.93961,156.22,1.70998,27527,0
337.564,323.318,1069,1538,1500,0,-0.961351,155.822,1.70813,27627,0
338.298,315.375,1063,1545,1500,0,-0.876134,155.68,1.7038,27727,0
324.166,321.316,1075,1542,1500,0,-1.30192,155.582,1.70165,27827,0
315.273,322.086,1075,1530,1500,0,-1.44003,155.726,1.71357,27927,0
314.282,317.295,1055,1531,1500,0,-0.938681,155.881,1.70925,28027,0
311.818,313.637,1048,1536,1500,0,-1.67763,156.157,1.70539,28127,0
301.772,324.923,1057,1528,1500,0,-2.09451,156.217,1.72823,28227,0
295.015,306.84,1042,1530,1500,0,-1.34692,155.876,1.72658,28327,0
288.229,303.425,1020,1531,1500,0,-1.20839,155.427,1.72402,28427,0
294.882,353.722,1043,1530,1500,0,-0.345054,155.007,1.86593,28527,0
285.265,344.902,1036,1543,1500,0,-1.30227,154.699,1.84375,28627,0
260.514,335.644,1039,1511,1500,0,-1.30227,154.699,1.82206,28728,0
257.635,340.223,1037,1511,1500,0,-0.935476,153.617,1.84444,28828,0
235.934,321.77,1030,1510,1500,0,-0.237787,151.762,1.79292,28928,0
221.87,323.693,1032,1511,1500,0,-0.0423622,151.504,1.78371,29028,0
191.662,318.422,1034,1515,1500,0,0.301627,151.835,1.78284,29128,0
175.531,325.565,1042,1497,1500,0,0.760257,152.758,1.79131,29228,0
158.231,353.985,1056,1507,1500,0,0.867498,153.735,1.83655,29328,0
146.972,349.625,1055,1507,1500,0,0.167407,155.24,1.81684,29428,0
136.426,356.491,1064,1507,1500,0,0.10127,156.855,1.78047,29528,0
131.129,370.452,1063,1506,1500,0,-0.0468303,156.874,1.7918,29628,0
122.002,377.117,1061,1505,1500,0,-0.339344,155.781,1.79642,29728,0
115.021,381.969,1081,1506,1500,0,-0.543715,154.379,1.80123,29828,0
116.415,387.57,1085,1506,1500,0,-0.697663,154.173,1.80883,29928,0
115.663,388.896,1094,1514,1500,0,-0.72021,153.501,1.80357,30028,0
112.938,379.02,1065,1512,1500,0,-0.377792,153.162,1.793,30128,0
103.937,391.167,1085,1512,1500,0,-0.109141,153.063,1.82262,30228,0
87.188,376.073,1055,1504,1500,0,-0.475969,154.111,1.81,30328,0
87.5295,370.834,1059,1509,1500,0,-1.17517,155.808,1.80998,30428,0
79.7233,365.902,1048,1501,1500,0,-0.902898,157.684,1.82325,30528,0
75.1731,345.468,1044,1501,1500,0,-0.902898,157.684,1.79397,30628,0
57.4733,334.82,1017,1501,1500,0,-0.902898,157.684,1.80613,30728,0
36.6414,330.625,1016,1489,1500,0,-0.241182,159.045,1.81501,30828,0
33.1328,322.6,1005,1484,1500,0,-0.215187,159.285,1.81204,30928,0
26.006,312.263,997,1484,1500,0,-0.215187,159.285,1.82368,31028,0
8.03196,302.656,995,1494,1500,0,0.307353,159.956,1.82296,31128,0
-4.34558,295.377,988,1485,1500,0,0.936794,160.218,1.81687,31228,0
-13.7795,295.705,978,1486,1500,0,1.05314,160.486,1.803,31328,0
-20.1019,302.898,994,1488,1500,0,1.82313,160.788,1.7958,31428,0
-33.1705,307.089,1000,1488,1500,0,1.82313,160.788,1.776,31528,0
-30.149,305.103,982,1480,1500,0,0.129066,161.845,1.76531,31628,0
-21.0311,304.697,991,1494,1500,0,-0.576443,162.27,1.7761,31728,0
-13.5914,303.931,997,1494,1500,0,-0.951494,162.444,1.78377,31828,0
-10.4376,302.572,984,1500,1500,0,-1.13845,162.712,1.77696,31928,0
1.98597,317.488,999,1507,1500,0,-1.20109,163.244,1.7926,32028,0
2.85401,319.044,1010,1507,1500,0,-0.437354,164.306,1.78881,32128,0
-2.79913,325.953,1017,1497,1500,0,-0.285313,164.469,1.78486,32228,0
-11.1072,330.137,1025,1487,1500,0,-0.1641,164.564,1.79913,32329,0
-13.3594,333.008,1027,1487,1500,0,-0.34139,164.445,1.77654,32429,0
-19.5794,337.057,1027,1488,1500,0,-0.353259,164.539,1.79235,32530,0
-20.623,326.663,1023,1488,1500,0,-0.353259,164.539,1.77791,32630,0
-24.2725,329.992,1010,1492,1500,0,-0.654358,166.287,1.79814,32730,0
-26.4272,303.323,985,1490,1500,0,0.0740454,166.498,1.79641,32830,0
-29.2641,300.965,983,1490,1500,0,0.599306,167.624,1.81,32930,0
-36.5868,294.115,974,1490,1500,0,0.599306,167.624,1.81555,33030,0
-43.8284,283.109,957,1484,1500,0,-0.146837,167.961,1.80545,33130,0
-52.2001,261.273,948,1483,1500,0,0.0327399,166.896,1.80529,33230,0
-52.2222,252.971,925,1488,1500,0,0.0327399,166.896,1.8073,33330,0
-60.5842,245.046,915,1488,1500,0,0.0327399,166.896,1.80318,33430,0
-67.6362,244.449,918,1479,1500,0,0.906526,159.038,1.80452,33530,0
-80.1255,246.546,936,1473,1500,0,1.19861,157.433,1.79365,33630,0
-84.4675,261.275,931,1479,1500,0,0.765624,157.596,1.81873,33730,0
-94.056,270.25,950,1479,1500,0,0.765624,157.596,1.79773,33830,0
-94.3732,285.125,972,1473,1500,0,0.631593,159.18,1.79516,33931,0
-95.297,302.112,984,1480,1500,0,0.631593,159.18,1.79796,34031,0
-102.988,309.048,997,1473,1500,0,0.830188,161.245,1.81338,34131,0
-103.021,308.579,1003,1473,1500,0,1.26965,161.077,1.78969,34231,0
-107.8,317.407,1002,1474,1500,0,1.26965,161.077,1.79225,34331,0
-106.465,326.113,1033,1474,1500,0,1.0706,158.991,1.77907,34431,0
-107.186,338.451,1032,1478,1500,0,1.26013,158.365,1.78968,34531,0
-110.948,341.558,1044,1478,1500,0,1.26013,158.365,1.78273,34631,0
-108.13,345.42,1040,1480,1500,0,1.26013,158.365,1.79262,34731,0
-98.7799,356.605,1046,1487,1500,0,0.979069,157.874,1.78731,34831,0
-100.592,358.174,1041,1477,1500,0,1.11424,157.877,1.80191,34931,0
-93.2353,357.456,1045,1477,1500,0,0.979657,157.565,1.78668,35031,0
-64.6904,353.812,1050,1508,1500,0,0.834517,157.453,1.88065,35131,0
-82.146,356.921,1033,1508,1500,0,0.587079,158.135,1.77836,35231,0
-75.0405,364.223,1056,1489,1500,0,0.578641,158.481,1.79563,35331,0
-70.5752,355.532,1044,1487,1500,0,0.449471,160.31,1.78415,35431,0
-62.0228,361.49,1056,1487,1500,0,0.672735,161.65,1.77534,35531,0
-45.1029,359.175,1056,1501,1500,0,0.482698,161.877,1.78053,35631,0
-36.6935,356.861,1058,1495,1500,0,-0.734921,163.299,1.77346,35731,0
-31.4456,347.773,1043,1495,1500,0,-0.811166,164.014,1.74333,35831,0
-19.3738,354.406,1041,1501,1500,0,-0.70356,165.374,1.76955,35931,0
-10.0311,347.175,1039,1501,1500,0,-0.498345,165.6,1.78914,36031,0
-7.95764,338.896,1031,1494,1500,0,0.165559,165.499,1.77151,36131,0
-14.8696,340.731,1043,1485,1500,0,0.466932,165.204,1.8103,36231,0
-16.5939,333.226,1028,1485,1500,0,0.594506,162.765,1.78159,36331,0
-10.0105,328.259,1020,1497,1500,0,-0.0427892,161.224,1.7782,36431,0
-18.1337,336.359,1030,1497,1500,0,-0.406434,159.653,1.80132,36531,0
-12.0872,334.689,1020,1497,1500,0,-0.312067,159.17,1.77887,36632,0
-14.0282,340.868,1034,1497,1500,0,-0.312067,159.17,1.79311,36732,0
-14.0961,342.737,1044,1491,1500,0,-0.312067,159.17,1.79869,36832,0
-17.2389,342.888,1043,1488,1500,0,0.130448,158.465,1.79085,36932,0
-21.4722,335.086,1023,1488,1500,0,0.561407,158.946,1.77765,37032,0
-29.9496,335.552,1029,1482,1500,0,0.77515,160.134,1.77278,37132,0
-33.8877,351.156,1033,1482,1500,0,1.1469,161.823,1.8077,37232,0
-42.7594,344.105,1039,1479,1500,0,1.1469,161.823,1.78926,37332,0
-44.459,336.373,1032,1485,1500,0,1.31509,163.238,1.77647,37432,0
-46.1124,343.581,1025,1485,1500,0,-0.383955,164.087,1.78149,37532,0
-37.0331,328.865,1035,1495,1500,0,-0.443827,164.158,1.76051,37632,0
-30.3306,327.044,1025,1495,1500,0,-0.286374,164.041,1.76409,37732,0
-23.5074,319.6,1012,1495,1500,0,-0.24866,163.756,1.79793,37832,0
-17.9699,304.21,986,1495,1500,0,0.933746,163.362,1.80557,37932,0
-14.4585,296.981,987,1495,1500,0,0.735581,161.999,1.79926,38032,0
-17.6719,284.131,957,1488,1500,0,0.36311,160.781,1.78997,38132,0
-11.7247,278.112,968,1488,1500,0,-0.808396,159.292,1.78455,38232,0
-1.85625,269.514,954,1501,1500,0,-0.523187,159.046,1.78889,38332,0
3.03141,269.614,950,1498,1500,0,-0.523187,159.046,1.79493,38432,0
6.36522,263.969,951,1498,1500,0,0.0785351,159.27,1.80034,38532,0
6.5577,258.088,937,1498,1500,0,0.0785351,159.27,1.80149,38632,0
0.248688,254.45,938,1494,1500,0,-0.486287,159.3,1.79145,38732,0
1.05821,255.067,942,1494,1500,0,-0.486287,159.3,1.79487,38832,0
-6.20047,256.855,941,1494,1500,0,-1.80061,158.612,1.81144,38933,0
-6.11657,252.738,948,1492,1500,0,-2.25551,157.925,1.79388,39033,0
-38.4098,261.136,955,1460,1500,0,-1.40563,157.83,1.81183,39133,0
-56.2939,259.378,948,1460,1500,0,0.681261,157.961,1.80487,39233,0
-81.4509,266.62,945,1459,1500,0,0.932333,158.302,1.84562,39333,0
-113.325,271.196,967,1459,1500,0,2.14244,159.141,1.84935,39433,0
-175.539,239.577,965,1413,1500,0,3.15402,159.334,1.74829,39533,0
-191.359,248.153,966,1450,1500,0,6.37681,158.752,1.78139,39633,0
-219.622,256.002,957,1450,1500,0,3.94152,158.344,1.83241,39733,0
-228.451,263.985,970,1435,1500,0,4.0848,157.552,1.88118,39833,0
-239.362,267.582,958,1447,1500,0,4.70485,156.713,1.85564,39933,0
-248.676,268.469,955,1446,1500,0,3.47718,155.331,1.85979,40033,0
-244.59,271.174,959,1458,1500,0,3.54162,154.167,1.85951,40133,0
-241.232,272.701,969,1458,1500,0,2.75137,153.696,1.86309,40233,0
-235.282,265.669,971,1461,1500,0,1.72388,154.315,1.8315,40334,0
-228.375,243.202,970,1462,1500,0,1.57021,154.905,1.76572,40434,0
-213.019,242.586,983,1462,1500,0,1.05034,158.491,1.77439,40534,0
-217.781,225.108,968,1453,1500,0,0.829421,159.758,1.70514,40634,0
-167.944,237.947,975,1507,1500,0,1.42304,161.246,1.7554,40734,0
-160.734,237.679,953,1507,1500,0,0.190984,161.118,1.76398,40834,0
-159.582,240.25,937,1467,1500,0,0.0967046,160.39,1.75444,40934,0
-144.025,254.187,950,1466,1500,0,0.0403558,159.516,1.76853,41034,0
-114.314,275.892,956,1497,1500,0,0.0139101,159.065,1.81949,41134,0
-119.06,265.41,956,1467,1500,0,-0.913943,158.954,1.762,41234,0
-100.059,279.707,974,1467,1500,0,-0.606898,159.415,1.79705,41334,0
-104.752,291.653,990,1469,1500,0,-0.794546,159.819,1.782,41434,0
-100.785,308.12,985,1477,1500,0,-0.771838,160.046,1.80768,41534,0
-100.461,320.02,1008,1474,1500,0,0.249331,160.338,1.83078,41635,0
-109.57,322.515,1012,1464,1500,0,0.509001,160.44,1.82373,41735,0
-119.106,324.893,1015,1464,1500,0,1.55566,160.329,1.81397,41835,0
-128.62,321.384,1007,1462,1500,0,1.40799,160.478,1.79692,41935,0
-153.905,318.796,1012,1444,1500,0,1.88142,160.443,1.78472,42035,0
-158.866,321.203,1018,1444,1500,0,4.11408,160.029,1.81574,42135,0
-170.344,300.677,1024,1453,1500,0,3.97352,159.726,1.77245,42235,0
-181.131,294.314,1008,1451,1500,0,3.46186,159.508,1.75671,42336,0
-187.136,292.383,1019,1454,1500,0,2.74437,158.129,1.75296,42436,0
-177.326,292.388,1027,1469,1500,0,2.28341,157.034,1.74475,42536,0
-169.591,288.393,1019,1469,1500,0,1.09389,155.882,1.71675,42637,0
-172.628,274.603,1017,1459,1500,0,1.27252,155.167,1.68244,42737,0
-131.335,320.185,998,1458,1500,0,1.81717,154.86,1.77998,42837,0
-122.57,322.413,1016,1502,1500,0,1.97157,154.948,1.79063,42937,0
-115.53,324.578,1009,1475,1500,0,0.338415,156.058,1.80145,43037,0
-107.077,313.388,1007,1475,1500,0,0.063321,156.335,1.79977,43137,0
-74.5173,302.314,992,1503,1500,0,0.322345,156.336,1.7964,43237,0
-68.2875,283.771,969,1481,1500,0,-0.322202,156.94,1.77597,43337,0
-61.7743,289.597,974,1483,1500,0,-0.47758,157.702,1.79676,43437,0
-53.4816,276.187,970,1485,1500,0,-0.600153,157.367,1.77742,43537,0
-46.4745,273.242,964,1485,1500,0,-0.737981,156.774,1.78486,43637,0
-49.9457,272.233,961,1476,1500,0,-0.467562,154.299,1.79371,43737,0
-46.6619,269.121,951,1482,1500,0,-0.523303,152.923,1.78798,43838,0
-52.7091,268.47,964,1482,1500,0,-0.283237,151.066,1.80859,43938,0
-71.7284,264.684,956,1459,1500,0,0.415401,150.12,1.84352,44038,0
-84.7151,262.005,958,1462,1500,0,1.24428,149.465,1.86087,44138,0
-105.536,248.562,937,1452,1500,0,1.37224,148.088,1.83853,44238,0
-119.481,248.506,951,1456,1500,0,2.20913,147.32,1.85479,44338,0
-178.381,229.873,937,1456,1500,0,2.01656,144.77,1.8161,44439,0
-204.752,180.082,949,1456,1500,0,2.01656,144.77,1.69497,44540,0
-200.337,196.128,931,1432,1500,0,2.16619,142.772,1.77493,44641,0
-224.163,185.698,930,1431,1500,0,3.19489,140.336,1.73644,44741,0
-234.538,181.04,886,1441,1500,0,3.41149,139.012,1.84068,44841,0
-274.858,156.019,897,1440,1500,0,2.41673,136.205,1.78858,44941,0
-277.905,148.278,883,1409,1500,0,2.36906,136.022,1.83804,45041,0
-298.795,133.952,888,1421,1605,0,5.77339,136.938,1.82816,45141,0
-324.485,101.535,852,1421,1605,0,5.77339,136.938,1.82537,45241,0
-339.009,97.1395,848,1420,1605,0,5.25282,141.294,1.78297,45341,0
-345.102,88.3314,858,1426,1605,0,4.67176,143.03,1.74273,45441,0
-348.392,102.134,862,1426,1605,0,4.67176,143.03,1.74796,45541,0
-336.46,194.266,906,1442,1500,0,5.10508,150.265,1.944,45641,0
-325.588,223.185,928,1442,1500,0,4.64809,152.217,1.91935,45741,0
-324.987,242.411,941,1442,1500,0,5.07509,153.178,1.91472,45841,0
-316.864,274.99,972,1441,1500,0,4.02978,154.714,1.89516,45941,0
-296.686,324.157,1038,1454,1500,0,3.20403,155.846,1.84054,46041,0
-278.737,337.429,1061,1454,1500,0,2.91567,155.989,1.82113,46141,0
-255.359,354.511,1065,1462,1500,0,2.09119,155.625,1.79857,46241,0
-246.42,378.095,1109,1462,1500,0,1.69546,155.045,1.81662,46341,0
-198.695,372.879,1109,1491,1500,0,1.43154,154.905,1.7391,46441,0
-186.559,363.443,1097,1491,1500,0,0.549435,155.261,1.72355,46542,0
-183.834,341.525,1082,1454,1500,0,0.430191,155.899,1.66032,46642,0
-170.973,342,1067,1465,1500,0,1.20303,156.164,1.67944,46742,0
-141.633,373.301,1066,1465,1500,0,0.528327,156.321,1.79072,46842,0
-134.678,361.578,1055,1483,1500,0,-0.604833,155.407,1.78615,46942,0
-158.464,321.622,1028,1435,1500,0,-0.624109,155.057,1.66293,47042,0
-152.082,309.408,1017,1435,1500,0,2.60373,153.804,1.67089,47142,0
-130.367,322.003,1017,1478,1500,0,3.13701,153.927,1.84534,47242,0
-145.813,298.218,1000,1477,1500,0,1.26709,155.997,1.80742,47342,0
-141.725,271.086,980,1443,1500,0,1.40388,157.043,1.74384,47442,0
-140.039,297.676,985,1460,1500,0,3.22147,158.778,1.81822,47542,0
-135.112,272.346,991,1459,1500,0,2.60978,160.27,1.78574,47642,0
-137.654,284.417,983,1459,1500,0,2.60978,160.27,1.79664,47742,0
-133.54,287.244,972,1455,1500,0,2.60978,160.27,1.7861,47842,0
-122.762,300.207,987,1461,1500,0,0.917266,164.446,1.80498,47943,0
-100.81,306.588,985,1481,1500,0,1.17024,165.585,1.78255,48043,0
-92.3191,317.393,990,1481,1500,0,0.171364,166.612,1.78427,48143,0
-87.1624,316.936,1009,1471,1500,0,0.785411,167.364,1.78127,48243,0
-98.0229,287.59,1006,1469,1500,0,1.28301,168.332,1.6784,48343,0
-61.4963,317.61,996,1453,1500,0,2.73358,169.123,1.79722,48443,0
-43.6712,305.815,1003,1486,1500,0,3.16054,169.181,1.81645,48543,0
-64.1619,260.577,1010,1486,1500,0,3.21496,169.019,1.66836,48643,0
-23.7456,270.868,1040,1450,1500,0,3.04407,168.947,1.72646,48744,0
-3.01129,296.462,990,1450,1500,0,3.70015,168.78,1.78365,48844,0
24.3222,297.052,996,1494,1500,0,1.22216,168.947,1.75678,48944,0
45.4826,305.845,990,1504,1500,0,1.1309,168.884,1.75864,49044,0
79.6787,325.776,1003,1518,1500,0,0.233335,169.032,1.79943,49144,0
148.038,330.363,1021,1518,1500,0,0.100458,168.701,1.78765,49244,0
180.856,302.199,1043,1532,1500,0,0.631274,168.328,1.71613,49344,0
231.648,293.813,1057,1556,1500,0,-0.0525842,167.844,1.67657,49444,0
261.029,302.497,1045,1556,1500,0,-2.47542,167.831,1.67862,49544,0
309.286,303.504,1039,1566,1500,0,-4.4131,168.124,1.6924,49644,0
351.824,288.737,961,1566,1500,0,-5.15643,168.364,1.67911,49744,0
409.946,280.721,888,1568,1500,0,-8.25812,166.946,1.77385,49844,0
443.053,257.273,792,1568,1500,0,-6.51749,163.432,1.7673,49944,0
451.08,230.252,803,1574,1500,0,-6.51749,163.432,1.77381,50044,0
432.588,236.704,810,1529,1500,0,-5.26263,159.353,1.76659,50144,0
415.765,237.112,828,1529,1500,0,-5.26263,159.353,1.7696,50244,0
393.748,238.26,937,1529,1500,0,-5.26263,159.353,1.79128,50344,0
294.307,282.475,1006,1441,1500,0,-0.112358,157.543,1.7179,50445,0
286.832,334.715,1008,1441,1500,0,0.913602,157.735,1.84804,50545,0
253.749,351.275,1031,1492,1500,0,2.26123,158.341,1.86469,50645,0
214.292,349.599,1043,1481,1500,0,0.297483,159.453,1.79487,50745,0
172.517,384.281,1087,1481,1500,0,0.165554,159.946,1.80203,50845,0
156.528,408.383,1096,1492,1395,0,0.323956,160.371,1.83659,50945,0
134.67,402.16,1106,1484,1395,0,0.497012,160.661,1.80031,51045,0
111.518,404.026,1101,1484,1395,0,0.974294,161.109,1.79951,51145,0
67.3815,416.719,1105,1455,1395,0,1.22448,161.647,1.81824,51245,0
54.4725,400.85,1101,1455,1395,0,1.22448,161.647,1.78236,51346,0
37.3924,398.76,1091,1474,1500,0,2.48494,162.759,1.79606,51446,0
11.1473,407.72,1081,1462,1395,0,1.49405,162.851,1.84139,51546,0
12.76,369.909,1068,1462,1395,0,1.00999,162.292,1.76194,51646,0
11.7438,369.141,1049,1484,1500,0,0.40387,161.456,1.78052,51746,0
15.6819,361.357,1056,1489,1500,0,-0.764981,160.404,1.76735,51846,0
17.3594,353.504,1032,1487,1500,0,-0.764981,160.404,1.76767,51946,0
34.7063,338.89,1024,1503,1500,0,-2.16963,158.939,1.77225,52046,0
53.1167,331.927,1026,1503,1500,0,-1.88703,158.65,1.79867,52147,0
47.0609,338.296,1028,1485,1500,0,-1.29176,158.365,1.79931,52247,0
47.7877,333.328,1033,1485,1500,0,-0.768213,158.11,1.82064,52347,0
23.3694,331.449,1014,1491,1500,0,-0.781325,157.826,1.81402,52447,0
