PID values => kp: 0 ki: 0 kd: 0
Print out format:
yc, zc, alt, CH1, CH3, is_manual?, roll, yaw, area, system time, RF, pitch, CH2, CH4
0,0,0,0,0,1-0.5,290,0,45,0,0.2
0,0,0,0,0,1-0.5,290,0,47,0,0.2
0,0,0,0,0,1-0.5,290,0,49,0,0.2
0,0,0,0,0,1-0.5,290,0,51,0,0.2
0,0,0,0,0,1-0.5,290,0,52,0,0.2
0,0,0,0,0,1-0.5,290,0,54,0,0.2
0,0,0,0,0,1-0.5,290,0,56,0,0.2
0,0,0,0,0,1-0.5,290,0,58,0,0.2
0,0,0,0,0,1-0.5,290,0,60,0,0.2
0,0,0,0,0,1-0.5,290,0,64,0,0.1
0,0,0,0,0,1-0.5,290,0,66,0,0.1
0,0,0,0,0,1-0.5,290,0,68,0,0.1
0,0,0,0,0,1-0.5,290,0,71,0,0.1
0,0,0,0,0,1-0.5,290,0,73,0,0.1
0,0,0,0,0,1-0.5,290,0,75,0,0.1
0,0,0,0,0,1-0.5,290,0,78,0,0.1
0,0,0,0,0,1-0.5,290,0,80,0,0.1
0,0,0,0,0,1-0.5,290,0,82,0,0.1
0,0,0,0,0,1-0.5,290,0,84,0,0.1
0,0,0,0,0,1-0.5,290,0,86,0,0.1
0,0,0,0,0,1-0.5,290,0,87,0,0.1
0,0,0,0,0,1-0.5,290,0,89,0,0.1
0,0,0,0,0,1-0.5,290,0,91,0,0.1
0,0,0,0,0,1-0.5,290,0,93,0,0.1
0,0,0,0,0,1-0.5,290,0,96,0,0.1
0,0,0,0,0,1-0.5,290,0,99,0,0.1
0,0,0,0,0,1-0.5,290,0,103,0,0.1
0,0,0,0,0,1-0.5,290,0,105,0,0.2
0,0,0,0,0,1-0.5,290,0,110,0,0.2
0,0,0,0,0,1-0.5,290,0,114,0,0.2
0,0,0,0,0,1-0.5,290,0,118,0,0.2
0,0,0,0,0,1-0.5,290,0,123,0,0.2
0,0,0,0,0,1-0.5,290,0,127,0,0.2
0,0,0,0,0,1-0.5,290,0,132,0,0.1
0,0,0,0,0,1-0.5,290,0,136,0,0.1
0,0,0,0,0,1-0.5,290,0,141,0,0.1
0,0,0,0,0,1-0.5,290,0,143,0,0.1
0,0,0,0,0,1-0.5,290,0,145,0,0.1
0,0,0,0,0,1-0.5,290,0,147,0,0.1
0,0,0,0,0,1-0.5,290,0,149,0,0.1
0,0,0,0,0,1-0.5,290,0,151,0,0.1
0,0,0,0,0,1-0.5,290,0,153,0,0.1
0,0,0,0,0,1-0.5,290,0,155,0,0.1
0,0,0,0,0,1-0.5,290,0,157,0,0.1
0,0,0,0,0,1-0.5,290,0,159,0,0.1
0,0,0,0,0,1-0.5,290,0,161,0,0.1
0,0,0,0,0,1-0.5,290,0,163,0,0.1
0,0,0,0,0,1-0.5,290,0,165,0,0.2
0,0,0,0,0,1-0.5,290,0,167,0,0.2
0,0,0,0,0,1-0.5,290,0,169,0,0.2
0,0,0,0,0,1-0.5,290,0,171,0,0.2
0,0,0,0,0,1-0.5,290,0,173,0,0.2
0,0,0,0,0,1-0.5,290,0,175,0,0.2
0,0,0,0,0,1-0.5,290,0,177,0,0.2
0,0,0,0,0,1-0.5,290,0,178,0,0.2
0,0,0,0,0,1-0.5,290,0,180,0,0.2
0,0,0,0,0,1-0.5,290,0,182,0,0.2
0,0,0,0,0,1-0.5,290,0,184,0,0.2
0,0,0,0,0,1-0.5,290,0,186,0,0.2
0,0,0,0,0,1-0.5,290,0,188,0,0.2
0,0,0,0,0,1-0.5,290,0,190,0,0.2
0,0,0,0,0,1-0.5,290,0,191,0,0.2
0,0,0,0,0,1-0.5,290,0,193,0,0.2
0,0,0,0,0,1-0.5,290,0,195,0,0.2
0,0,0,0,0,1-0.5,290,0,197,0,0.2
0,0,0,0,0,1-0.5,290,0,199,0,0.2
0,0,0,0,0,1-0.5,290,0,201,0,0.2
0,0,0,0,0,1-0.5,290,0,204,0,0.2
0,0,0,0,0,1-0.5,290,0,206,0,0.2
0,0,0,0,0,1-0.5,290,0,209,0,0.2
0,0,0,0,0,1-0.5,290,0,212,0,0.2
0,0,0,0,0,1-0.5,290,0,215,0,0.2
0,0,0,0,0,1-0.5,290,0,218,0,0.2
0,0,0,0,0,1-0.5,290,0,221,0,0.2
0,0,0,0,0,1-0.5,290,0,223,0,0.2
0,0,0,0,0,1-0.5,290,0,225,0,0.2
0,0,0,0,0,1-0.5,290,0,227,0,0.2
0,0,0,0,0,1-0.5,290,0,229,0,0.2
0,0,0,0,0,1-0.5,290,0,231,0,0.2
0,0,0,0,0,1-0.5,290,0,233,0,0.2
0,0,0,0,0,1-0.5,290,0,235,0,0.2
0,0,0,0,0,1-0.5,290,0,238,0,0.2
0,0,0,0,0,1-0.5,290,0,241,0,0.2
0,0,0,0,0,1-0.5,290,0,244,0,0.2
0,0,0,0,0,1-0.5,290,0,247,0,0.2
0,0,0,0,0,1-0.5,290,0,250,0,0.2
0,0,0,0,0,1-0.5,290,0,254,0,0.2
0,0,0,0,0,1-0.5,290,0,257,0,0.2
0,0,0,0,0,1-0.5,290,0,260,0,0.2
0,0,0,0,0,1-0.5,290,0,263,0,0.2
0,0,0,0,0,1-0.5,290,0,266,0,0.2
0,0,0,0,0,1-0.5,290,0,269,0,0.2
0,0,0,0,0,1-0.5,290,0,272,0,0.2
0,0,0,0,0,1-0.5,290,0,275,0,0.2
0,0,0,0,0,1-0.5,290,0,278,0,0.2
0,0,0,0,0,1-0.5,290,0,281,0,0.2
0,0,0,0,0,1-0.5,290,0,285,0,0.2
0,0,0,0,0,1-0.5,290,0,288,0,0.2
0,0,0,0,0,1-0.5,290,0,291,0,0.2
0,0,0,0,0,1-0.5,290,0,294,0,0.2
0,0,0,0,0,1-0.5,290,0,297,0,0.2
0,0,0,0,0,1-0.5,290,0,301,0,0.2
0,0,0,0,0,1-0.5,290,0,305,0,0.2
0,0,0,0,0,1-0.5,290,0,309,0,0.2
0,0,0,0,0,1-0.5,290,0,313,0,0.2
0,0,0,0,0,1-0.5,290,0,317,0,0.2
0,0,0,0,0,1-0.5,290,0,321,0,0.2
0,0,0,0,0,1-0.5,290,0,324,0,0.2
0,0,0,0,0,1-0.5,290,0,328,0,0.2
0,0,0,0,0,1-0.5,290,0,331,0,0.2
0,0,0,0,0,1-0.5,290,0,335,0,0.2
0,0,0,0,0,1-0.5,290,0,339,0,0.2
0,0,0,0,0,1-0.5,290,0,343,0,0.2
0,0,0,0,0,1-0.5,290,0,347,0,0.2
